40_Gymnastics_Gymnastics_40_698
83
359 75 34 43 0.9881223 
862 38 34 40 0.97101134 
251 40 42 56 0.9614825 
581 43 38 41 0.8853656 
778 88 48 56 0.78065413 
163 1 15 18 0.48408052 
632 33 25 29 0.43494952 
548 159 246 270 0.22540554 
182 20 53 70 0.19695881 
297 117 51 55 0.18749213 
976 -2 22 23 0.16072448 
920 77 13 17 0.14783965 
12 183 159 197 0.118405625 
60 161 262 268 0.10304357 
-20 93 400 443 0.101975255 
527 469 53 76 0.10064967 
958 25 15 19 0.08853171 
507 136 368 452 0.08361105 
119 8 104 120 0.07736211 
565 206 148 153 0.07023528 
531 10 26 35 0.0665704 
504 427 99 117 0.064246014 
198 386 47 61 0.052996997 
5 117 144 172 0.049948715 
272 392 28 49 0.049303364 
748 68 97 117 0.045997456 
400 123 15 17 0.045954105 
20 39 115 127 0.045563057 
182 0 12 11 0.0421573 
131 16 20 23 0.039701622 
413 73 142 153 0.03906377 
774 80 31 43 0.03843854 
144 0 27 35 0.038409412 
562 343 202 252 0.037822314 
-5 -25 195 234 0.036398467 
115 45 67 79 0.035789143 
155 -2 23 29 0.033680934 
771 431 56 73 0.033354025 
229 399 33 46 0.03261281 
761 480 51 68 0.031107591 
952 28 11 13 0.030970192 
793 109 134 164 0.03001748 
370 244 115 134 0.029632581 
820 104 50 55 0.029379996 
351 0 12 13 0.028180648 
66 11 48 61 0.028158136 
732 134 150 177 0.026616326 
798 84 32 43 0.026111403 
72 28 120 133 0.025937447 
475 13 201 230 0.025662897 
418 62 51 70 0.025497 
908 25 108 123 0.025304671 
172 0 12 13 0.025256557 
6 262 114 124 0.02511901 
893 71 26 33 0.025078477 
188 0 13 12 0.024917651 
802 65 101 111 0.024756543 
487 138 53 63 0.024603423 
793 104 19 22 0.024473196 
218 372 55 62 0.023724845 
917 70 13 17 0.023602828 
261 380 31 48 0.023303393 
775 499 56 63 0.023298915 
214 18 71 92 0.022944273 
170 6 16 20 0.022702953 
373 70 105 137 0.02256358 
532 506 32 53 0.022370663 
799 424 46 61 0.022115797 
292 120 35 39 0.021714328 
777 462 54 66 0.02168113 
898 77 15 18 0.021646578 
579 325 131 157 0.02156678 
838 76 30 35 0.021429703 
943 668 29 28 0.021419208 
817 419 30 44 0.020758534 
446 152 129 144 0.020733967 
209 418 54 66 0.0206804 
124 251 230 259 0.020595795 
420 139 12 16 0.02059092 
496 306 51 59 0.020329455 
240 387 46 56 0.020322183 
901 342 130 147 0.020170314 
861 46 19 25 0.020150553 
