40_Gymnastics_Gymnastics_40_845
54
397 129 67 91 0.9919001 
792 191 135 172 0.6406022 
136 182 48 77 0.5876767 
131 48 223 265 0.21899956 
123 349 149 168 0.20269212 
99 132 87 132 0.13804218 
449 50 129 149 0.10619319 
951 485 60 62 0.080842696 
398 13 362 443 0.07335605 
53 -9 374 423 0.07116649 
865 243 113 154 0.058871686 
111 399 243 320 0.055718485 
150 131 109 137 0.05465523 
486 338 143 144 0.053910926 
63 288 246 258 0.051019665 
706 153 52 67 0.049404755 
270 317 15 18 0.04904939 
29 186 59 79 0.044578798 
429 92 106 133 0.043154612 
823 235 74 95 0.04264442 
684 254 121 121 0.04210068 
502 77 233 261 0.03988265 
464 404 26 32 0.03802515 
550 10 345 401 0.037995335 
918 469 103 107 0.03798311 
-17 5 114 130 0.03669831 
59 169 116 127 0.036012676 
99 127 59 82 0.035745237 
32 303 463 516 0.03472386 
-1 204 388 421 0.03364282 
62 95 104 119 0.033258013 
157 400 132 180 0.03306141 
632 375 99 122 0.031525422 
229 80 184 227 0.03110818 
30 147 109 117 0.030302098 
903 294 63 85 0.028657515 
700 270 66 72 0.028649759 
470 76 69 80 0.027745476 
668 398 94 127 0.02743133 
143 10 148 163 0.026496902 
-4 65 114 117 0.026412457 
682 218 36 39 0.026190596 
586 128 156 165 0.02565714 
26 90 15 19 0.025279563 
0 15 60 81 0.023376817 
917 406 123 140 0.022619214 
793 155 13 18 0.02169142 
84 103 53 69 0.021688454 
413 287 229 266 0.021318901 
634 432 14 16 0.021227665 
788 161 51 67 0.020992672 
792 144 25 33 0.020724244 
636 486 12 13 0.020712852 
323 565 122 135 0.020108124 
