40_Gymnastics_Gymnastics_40_364
85
540 1174 162 176 0.83549595 
487 1068 180 249 0.69704336 
726 1204 24 35 0.5370988 
811 0 128 144 0.44481584 
662 771 342 353 0.4260442 
179 496 343 368 0.30091602 
359 1393 59 69 0.29086247 
801 1148 343 403 0.26426792 
629 532 313 348 0.2583424 
449 1085 140 184 0.19000612 
198 1523 30 30 0.15298744 
760 1377 231 276 0.14655198 
543 836 12 14 0.12726521 
523 1175 261 297 0.10693511 
339 1369 95 109 0.10327926 
288 588 334 407 0.080177896 
616 1248 379 462 0.07856669 
234 1271 203 239 0.072577305 
718 1197 50 60 0.06865484 
185 1121 326 395 0.068017796 
0 473 46 58 0.06415522 
-15 1253 210 248 0.06250078 
298 1019 352 421 0.062224336 
511 1335 152 175 0.061378438 
631 51 64 64 0.0594576 
-34 605 371 419 0.056502312 
291 1324 123 149 0.055146005 
-44 1344 193 234 0.054891147 
815 831 214 265 0.05210813 
672 1518 36 35 0.051052883 
608 34 101 108 0.049566574 
702 580 344 422 0.047066264 
627 1200 73 83 0.04696926 
205 1436 56 80 0.042251594 
816 1440 144 174 0.042150404 
435 737 242 250 0.041113056 
782 1420 130 145 0.04108182 
945 1521 33 33 0.040435966 
827 1428 55 65 0.038747463 
2 807 390 434 0.038341913 
0 1282 18 35 0.038315665 
-16 1399 96 135 0.038267378 
539 -26 223 218 0.035602313 
171 301 399 437 0.033251468 
493 859 13 15 0.03314684 
611 1183 123 140 0.032264642 
726 831 398 429 0.032246973 
651 1404 24 34 0.030101199 
605 325 412 440 0.029880729 
619 1232 232 278 0.02926913 
816 15 78 87 0.02883546 
-63 1227 337 413 0.028630007 
352 17 123 133 0.028160581 
681 1182 110 117 0.028001616 
478 795 137 144 0.027619895 
679 1322 52 65 0.02724833 
114 1248 332 406 0.026090186 
789 1202 14 20 0.02523921 
19 737 17 22 0.024938121 
416 938 359 390 0.024893288 
8 1521 33 35 0.024195638 
909 1397 16 19 0.024171572 
728 1208 58 75 0.024154142 
885 1362 30 32 0.023998413 
109 1422 30 34 0.023782725 
-20 463 116 119 0.02351645 
509 1248 166 192 0.022876289 
222 722 126 137 0.022852223 
165 1395 114 156 0.022480441 
559 851 13 16 0.022409206 
518 1453 65 68 0.022351153 
811 1196 13 17 0.022088144 
144 1372 191 238 0.021856777 
874 1326 19 21 0.021629456 
258 369 144 155 0.021489331 
512 1409 106 125 0.021384649 
408 -151 450 472 0.021361928 
20 621 137 142 0.021359177 
361 1351 53 75 0.021159561 
951 1396 30 40 0.021084704 
643 600 153 156 0.02103767 
-1 1351 14 20 0.02085983 
553 1506 41 43 0.020630559 
740 1177 121 142 0.02024106 
565 1216 80 97 0.020226303 
