40_Gymnastics_Gymnastics_40_521
44
639 82 61 78 0.9960824 
246 110 61 80 0.9959486 
490 316 64 86 0.99495983 
318 423 58 74 0.9937919 
361 337 50 58 0.174109 
485 482 127 157 0.12047707 
27 0 15 15 0.05621953 
365 568 66 73 0.049300414 
670 179 444 444 0.04347763 
307 69 15 17 0.04226305 
448 404 54 60 0.041139293 
926 1 118 140 0.04057767 
988 314 14 20 0.03962278 
467 491 54 67 0.038440805 
-1 11 11 17 0.03636189 
2 -10 118 147 0.03116617 
603 432 454 403 0.030035034 
76 21 11 11 0.029298382 
54 0 12 11 0.02907409 
318 500 122 143 0.028798081 
963 329 32 33 0.027844602 
939 70 113 133 0.026943091 
221 551 54 62 0.02669565 
-108 419 419 441 0.026601132 
819 572 137 151 0.026296208 
929 322 32 36 0.025865192 
770 253 259 274 0.025804443 
442 483 117 127 0.025471836 
229 57 14 16 0.023451822 
391 537 35 45 0.023118721 
630 525 14 17 0.02290805 
300 322 14 16 0.022600543 
227 359 113 135 0.022167297 
-6 75 125 137 0.02183811 
0 43 11 16 0.021822631 
883 -84 216 262 0.021761743 
47 -1 12 12 0.021740062 
295 244 110 138 0.021439383 
59 54 12 15 0.021035308 
241 292 122 150 0.020773655 
60 -1 13 12 0.020602936 
332 5 54 67 0.020543613 
364 322 39 47 0.020435046 
70 -19 126 134 0.02004102 
