40_Gymnastics_Gymnastics_40_108
83
477 892 109 115 0.8921477 
749 739 54 56 0.5966786 
8 724 221 276 0.14330018 
241 230 342 370 0.12468009 
933 562 102 134 0.11852513 
515 887 135 146 0.10738035 
165 751 340 406 0.09954762 
699 33 129 156 0.097981595 
84 947 122 137 0.08324273 
680 731 228 255 0.07494134 
569 669 206 241 0.074733675 
387 618 364 419 0.071969554 
798 180 124 136 0.069515176 
0 180 378 394 0.06833953 
-96 689 376 411 0.06829982 
199 451 362 415 0.06453531 
321 838 226 253 0.060616534 
737 0 241 304 0.058587193 
44 826 218 272 0.057507385 
357 178 141 179 0.0532333 
445 864 167 192 0.04449669 
777 297 137 157 0.042292904 
899 415 140 156 0.041999396 
95 763 54 56 0.04142608 
734 923 132 146 0.04113795 
396 90 15 16 0.04056599 
622 662 366 444 0.040396567 
530 872 68 95 0.040356316 
89 289 385 446 0.038030174 
599 715 114 123 0.036677185 
442 857 100 135 0.03647935 
784 399 133 134 0.035321232 
940 621 118 135 0.035318986 
654 594 270 294 0.034718532 
585 -107 370 456 0.030573394 
716 723 142 159 0.028791606 
652 11 123 148 0.027996514 
102 180 186 183 0.027825585 
-56 1055 412 442 0.027683813 
-191 -82 504 493 0.02763429 
590 847 109 122 0.027008738 
390 256 64 78 0.026618542 
389 84 15 16 0.026422698 
815 93 148 179 0.026330845 
397 76 15 17 0.026094934 
237 821 139 155 0.025978293 
957 1401 53 61 0.025579436 
729 702 98 115 0.025364397 
580 168 143 149 0.025071554 
-101 354 366 475 0.025067987 
242 33 126 158 0.024709767 
171 75 17 16 0.023887295 
356 120 133 157 0.023859873 
884 551 209 253 0.023595987 
478 1209 144 148 0.023403075 
707 208 443 481 0.023398835 
-10 556 158 159 0.023298431 
842 55 212 259 0.02322379 
678 1017 153 164 0.02234387 
69 122 30 35 0.022119865 
915 620 16 15 0.022097293 
751 116 149 158 0.02205417 
74 -16 465 482 0.02195762 
-20 357 145 154 0.02186697 
730 253 153 165 0.021791043 
959 588 59 91 0.021442693 
851 270 214 280 0.021353731 
749 895 33 34 0.021287818 
987 1197 32 34 0.021258095 
734 -16 131 154 0.021205338 
267 132 115 128 0.02113993 
640 1073 137 150 0.021077942 
959 42 55 75 0.021007504 
717 1093 12 14 0.02095399 
866 303 129 140 0.020865746 
653 389 13 14 0.020609777 
279 334 385 440 0.020557174 
779 428 16 15 0.020546317 
833 223 121 134 0.020539029 
163 67 16 16 0.020444542 
405 100 14 16 0.020411547 
-2 166 23 38 0.02038206 
221 97 115 133 0.02012339 
