40_Gymnastics_Gymnastics_40_580
25
160 250 108 126 0.8088536 
508 89 129 150 0.5327016 
360 182 123 174 0.44521248 
410 85 104 112 0.3115517 
229 236 99 135 0.28648427 
128 225 177 196 0.17948923 
442 415 352 385 0.1283677 
391 127 106 172 0.11172521 
457 93 114 135 0.08480233 
204 240 70 100 0.06475799 
274 288 52 70 0.062005214 
412 121 56 76 0.04684339 
207 191 181 212 0.044894073 
261 392 382 399 0.040442787 
97 228 116 128 0.037009615 
90 334 408 469 0.03581988 
348 137 51 61 0.029400999 
-2 381 19 34 0.026424158 
145 283 82 83 0.02566 
520 129 76 89 0.023934327 
214 177 32 33 0.023402557 
519 360 64 62 0.021700617 
374 22 129 145 0.020900369 
477 319 142 147 0.020457372 
253 306 147 167 0.020255033 
