40_Gymnastics_Gymnastics_40_57
58
522 195 175 218 0.97398746 
306 649 135 170 0.25499943 
-54 115 244 314 0.1354868 
699 398 239 276 0.11296371 
-21 -39 200 253 0.111378275 
54 1322 136 169 0.11107248 
909 384 23 33 0.109469146 
328 629 192 233 0.104983516 
126 -65 352 439 0.09350515 
-121 -74 354 390 0.07877447 
39 1379 107 139 0.070968606 
88 1402 123 163 0.061753165 
320 697 77 83 0.05652804 
180 1502 13 15 0.05342658 
531 1154 154 187 0.05218857 
910 375 13 15 0.05109284 
921 389 15 17 0.044709884 
70 916 48 53 0.04417982 
73 492 369 394 0.04000179 
667 237 393 459 0.03766713 
619 1304 142 154 0.036390968 
539 444 368 419 0.035360966 
12 -146 374 419 0.03371094 
11 1426 112 124 0.032934595 
438 130 319 370 0.032412186 
501 1082 360 374 0.032229867 
252 473 352 402 0.030347299 
914 378 17 22 0.029900031 
-68 996 399 419 0.029340811 
742 900 12 14 0.027353127 
-26 62 375 446 0.026436746 
951 851 12 15 0.026305623 
957 846 12 14 0.025965026 
12 1322 105 119 0.025420746 
150 629 230 282 0.02539082 
628 669 30 34 0.024994211 
485 1249 243 280 0.024296997 
707 794 16 20 0.023856884 
975 835 12 15 0.023204261 
-70 792 378 407 0.023091195 
93 1493 11 14 0.023079628 
172 1180 164 158 0.022944728 
0 0 33 33 0.022690203 
137 463 26 33 0.022638852 
2 438 132 141 0.022533976 
838 330 115 139 0.022360707 
799 253 222 245 0.021880642 
490 219 129 147 0.021667348 
853 91 29 34 0.021584425 
99 603 156 187 0.02158118 
902 393 28 39 0.021273274 
37 661 385 410 0.020897223 
279 793 28 34 0.020768592 
532 1362 31 31 0.02075648 
861 1346 141 148 0.020646136 
682 748 27 34 0.020105626 
738 237 34 36 0.020044353 
691 67 30 34 0.02001205 
