40_Gymnastics_Gymnastics_40_161
74
584 201 63 103 0.96528363 
436 600 248 293 0.6995487 
-2 588 248 293 0.6101413 
147 318 333 385 0.55630666 
699 572 237 290 0.49722996 
528 565 282 328 0.46800482 
771 503 272 340 0.44198647 
374 619 197 236 0.44175312 
-29 248 259 332 0.43364128 
682 222 342 384 0.4295373 
349 651 144 162 0.2949945 
110 276 214 286 0.28045264 
698 624 148 178 0.2546385 
26 370 337 419 0.18756168 
151 368 147 162 0.1631883 
160 657 136 148 0.14674714 
142 114 357 415 0.12589481 
97 600 236 248 0.11599527 
117 295 148 162 0.109227054 
515 185 100 121 0.10623411 
747 120 348 365 0.08568824 
294 345 235 286 0.08415712 
618 315 348 461 0.08267208 
723 95 215 262 0.082074024 
100 498 380 396 0.078789644 
212 210 19 23 0.07646005 
164 422 168 167 0.074905135 
485 735 18 20 0.07277799 
463 194 92 104 0.06713071 
-84 511 418 436 0.057818726 
3 650 164 176 0.057429064 
839 115 199 249 0.051276617 
805 734 23 31 0.042712156 
198 457 15 18 0.037258457 
764 465 15 19 0.036676813 
253 523 396 455 0.035774633 
740 107 64 68 0.034397718 
717 742 16 19 0.034335226 
573 491 427 470 0.033979837 
415 442 55 70 0.033423148 
538 467 16 18 0.032464687 
647 468 55 57 0.031709954 
614 -22 402 431 0.031182751 
829 324 163 184 0.030650867 
655 142 30 35 0.028965956 
441 332 385 467 0.02870579 
218 472 18 20 0.028099222 
390 444 14 17 0.027899086 
444 189 14 17 0.026730698 
503 199 62 75 0.02618662 
571 657 148 171 0.025571985 
281 158 373 432 0.024661582 
730 397 130 146 0.02457133 
708 747 32 38 0.024435602 
698 58 117 130 0.024366971 
458 210 19 22 0.024323747 
570 167 118 141 0.023612617 
410 186 119 132 0.02270236 
245 90 214 250 0.022467064 
427 759 36 37 0.022301577 
247 608 236 256 0.022092573 
759 428 59 69 0.02208523 
891 592 146 185 0.021949023 
14 -34 122 114 0.021654217 
441 583 25 32 0.021532346 
786 263 339 479 0.021424163 
204 451 16 18 0.02113309 
379 422 123 136 0.02109358 
202 435 79 87 0.020999454 
621 426 141 133 0.020980248 
-1 332 25 45 0.02081164 
14 179 134 147 0.020784173 
260 33 150 168 0.020531235 
378 3 108 125 0.020446943 
