40_Gymnastics_Gymnastics_40_749
25
855 258 68 77 0.72629285 
827 250 138 131 0.41646737 
444 326 128 127 0.08903563 
866 195 132 146 0.085972115 
468 274 205 224 0.08380603 
788 196 146 151 0.0701028 
918 194 13 15 0.06373983 
869 267 41 50 0.031394474 
385 -1 159 173 0.030877493 
189 633 11 12 0.030462723 
155 251 239 255 0.028580623 
858 308 80 79 0.027698478 
433 187 357 373 0.026371913 
876 237 71 86 0.023775691 
79 510 150 157 0.023722846 
9 14 145 158 0.0237075 
552 289 156 153 0.02204688 
633 184 58 66 0.021865882 
-13 65 427 476 0.021786101 
192 307 149 142 0.021416284 
547 4 159 168 0.021233065 
814 -26 127 147 0.021056546 
93 109 14 13 0.020717787 
219 220 16 17 0.020711223 
52 85 14 13 0.020118225 
