40_Gymnastics_Gymnastics_40_727
150
322 124 14 18 0.88003314 
694 549 34 46 0.86976784 
218 530 37 49 0.8403553 
666 171 18 24 0.78961444 
81 469 27 43 0.7510668 
703 516 10 12 0.5006223 
534 220 12 15 0.49624962 
413 125 14 17 0.43955305 
858 432 23 29 0.37552574 
588 72 14 17 0.3602357 
730 348 18 22 0.3092531 
501 210 13 18 0.2602448 
-19 203 112 150 0.16390051 
593 68 15 18 0.15467653 
630 109 14 15 0.14773011 
844 21 50 67 0.14070465 
656 542 27 38 0.099709354 
707 517 11 14 0.08610098 
648 527 49 57 0.08015658 
551 211 12 15 0.07458128 
256 531 24 37 0.07339486 
230 498 12 16 0.07159757 
528 219 12 16 0.07022502 
604 84 13 16 0.06821328 
584 70 12 16 0.06732224 
76 473 51 57 0.065141775 
363 189 13 19 0.054461233 
393 156 12 15 0.051776152 
269 521 17 23 0.05146842 
407 121 22 28 0.050566733 
313 147 12 17 0.049295627 
540 213 12 15 0.04890308 
732 73 164 175 0.048298597 
95 468 27 39 0.04802125 
685 195 13 16 0.04738129 
599 81 13 16 0.045610994 
851 426 39 44 0.04538992 
33 -4 89 118 0.045361396 
110 445 12 14 0.045210216 
275 514 47 58 0.043988008 
904 11 109 138 0.04352528 
621 135 14 18 0.042406023 
244 508 15 19 0.041766983 
351 135 13 16 0.041546836 
927 237 13 18 0.04090266 
87 179 106 128 0.04071671 
509 198 10 12 0.040579963 
320 119 12 16 0.04052345 
901 229 13 16 0.040247004 
597 61 12 17 0.039546065 
141 186 119 141 0.039509345 
606 60 12 15 0.039299183 
330 125 12 15 0.037474006 
593 119 23 33 0.0373546 
854 417 23 33 0.037311405 
662 155 26 37 0.036749408 
58 17 106 127 0.036105018 
266 526 23 33 0.035310943 
755 394 55 58 0.035155993 
342 125 11 13 0.03505322 
93 362 59 61 0.034702145 
351 125 11 14 0.03389103 
680 396 13 17 0.033399295 
696 516 11 14 0.032823604 
307 523 17 19 0.032731432 
739 339 13 18 0.03253844 
660 407 14 19 0.032503735 
686 515 12 15 0.032310635 
734 333 12 15 0.032023694 
119 183 62 85 0.031979647 
676 416 16 19 0.031926494 
258 132 29 36 0.03176791 
398 111 11 12 0.031703178 
605 68 12 15 0.031456094 
680 200 16 21 0.031063179 
832 10 92 120 0.03084667 
604 78 11 14 0.030597202 
505 205 12 15 0.03043053 
873 435 16 20 0.030417139 
519 214 12 16 0.03003706 
788 327 34 44 0.029762745 
242 532 28 38 0.029689468 
301 88 106 135 0.029050957 
702 520 12 15 0.029001765 
620 165 15 20 0.02895518 
632 508 49 60 0.028256668 
-10 114 44 65 0.028203797 
471 193 99 121 0.028203614 
710 522 12 15 0.027637376 
256 0 104 126 0.02760873 
741 332 12 17 0.027283076 
636 135 24 31 0.027280804 
112 194 13 19 0.027232107 
17 480 28 33 0.026919397 
702 0 105 124 0.026891096 
383 109 8 11 0.026713364 
591 63 12 17 0.026614526 
125 173 12 14 0.026542503 
71 468 25 37 0.026024155 
42 121 207 253 0.02591065 
97 510 53 58 0.02590528 
512 213 24 31 0.025903365 
212 491 16 18 0.02530954 
544 206 10 12 0.025230391 
739 299 96 109 0.02516982 
404 548 14 15 0.025156748 
298 22 104 123 0.02506745 
793 -36 170 202 0.024899065 
600 191 10 13 0.024438111 
626 106 23 28 0.024403268 
16 100 25 34 0.024348207 
475 103 55 64 0.024291316 
731 375 30 32 0.02360336 
363 101 11 15 0.02352765 
581 131 30 36 0.02345797 
595 35 102 132 0.023411123 
-4 34 86 126 0.023404181 
636 104 11 13 0.023236511 
391 109 10 13 0.023226539 
627 4 53 81 0.022971326 
499 220 16 22 0.022628766 
358 42 93 125 0.022614418 
399 117 12 14 0.022607 
557 237 10 11 0.022595689 
199 462 12 15 0.022504533 
27 105 15 21 0.022305852 
536 198 10 12 0.022293657 
575 -60 220 270 0.022107888 
839 0 30 37 0.02201131 
282 546 35 37 0.021782033 
595 82 24 31 0.021727694 
187 204 118 139 0.021692328 
987 475 35 33 0.021254105 
703 564 20 28 0.021238647 
645 116 13 19 0.021205872 
482 6 105 123 0.020920236 
1 509 142 147 0.020913633 
559 491 53 61 0.020886684 
454 174 30 35 0.020762172 
663 -10 84 123 0.02059966 
823 421 13 14 0.020552434 
669 292 14 16 0.020511676 
879 113 142 161 0.020379713 
441 407 60 63 0.020312553 
625 132 24 32 0.020310327 
61 4 53 70 0.02030949 
435 622 31 33 0.02029069 
843 179 15 15 0.020117572 
441 455 128 131 0.020020064 
283 487 52 62 0.02000168 
