40_Gymnastics_Gymnastics_40_460
50
485 186 95 121 0.9887843 
389 59 36 44 0.17945972 
259 839 366 400 0.08004472 
447 129 51 64 0.065191984 
452 146 58 75 0.055506602 
431 1019 355 393 0.0530472 
100 808 386 399 0.04552532 
483 813 392 415 0.044881005 
455 149 97 139 0.040630657 
442 40 55 59 0.03529759 
66 503 397 451 0.03467498 
198 1349 11 15 0.030607108 
331 6 183 210 0.02968777 
687 892 394 421 0.028694728 
474 158 65 77 0.0279641 
659 689 386 416 0.027942454 
636 69 222 265 0.027880697 
825 268 31 35 0.027862605 
393 68 55 69 0.027597146 
199 1342 10 13 0.026322497 
461 52 54 61 0.025631249 
468 -1 481 440 0.02508313 
353 31 99 120 0.024929596 
20 109 172 179 0.024889167 
-80 35 374 422 0.024656026 
39 771 154 163 0.024403397 
656 98 392 433 0.024396462 
898 427 138 146 0.024351107 
322 700 393 430 0.023942804 
766 324 30 33 0.023637408 
318 909 196 207 0.023483519 
272 1019 264 315 0.022586843 
521 168 68 102 0.022557635 
431 83 49 65 0.022421183 
402 15 101 106 0.022069441 
181 1338 11 15 0.021879176 
-80 876 387 433 0.021823792 
28 856 153 156 0.02178992 
140 1099 29 35 0.02135005 
110 583 147 153 0.021322977 
423 133 104 115 0.021307781 
190 1339 11 14 0.021230295 
979 478 32 41 0.021158278 
852 843 32 31 0.021041254 
422 1311 31 32 0.020977585 
219 548 17 15 0.02074538 
990 539 30 38 0.020374171 
537 743 155 155 0.020298073 
939 1360 117 132 0.020224234 
77 1139 457 460 0.020041984 
