40_Gymnastics_Gymnastics_40_255
279
570 445 14 17 0.51331455 
649 80 335 374 0.38264978 
302 159 263 295 0.32713658 
589 458 15 18 0.31218877 
322 465 14 16 0.23126453 
309 421 16 18 0.21748795 
851 458 20 22 0.21443322 
342 458 11 16 0.21377623 
405 430 43 54 0.2057707 
552 489 13 17 0.17761928 
800 419 13 18 0.16817455 
458 443 15 19 0.15099071 
652 448 13 16 0.14152183 
241 276 28 33 0.13279307 
660 426 12 14 0.13117008 
227 446 12 16 0.12882347 
363 435 13 15 0.12733555 
472 456 16 19 0.12621161 
141 396 35 40 0.12538141 
137 368 14 15 0.1253476 
797 376 20 22 0.1226364 
632 434 14 17 0.11253413 
703 371 10 12 0.10487009 
814 492 14 17 0.10375479 
373 478 13 16 0.10066288 
369 403 11 15 0.09514186 
753 366 14 17 0.09196222 
772 454 11 14 0.08370747 
606 420 17 21 0.082660824 
811 455 14 17 0.08199967 
337 452 12 16 0.07963322 
245 433 15 18 0.078390256 
254 272 27 35 0.077491574 
288 437 11 13 0.075647704 
452 474 15 20 0.07515582 
375 470 11 15 0.07513044 
612 475 13 15 0.07239625 
246 411 13 15 0.071520805 
275 463 13 16 0.07094098 
494 428 12 16 0.06887783 
191 355 13 15 0.06866078 
660 475 17 20 0.067766145 
357 460 13 17 0.06193541 
530 353 16 20 0.06157598 
457 473 22 30 0.060923412 
590 465 17 21 0.06029179 
249 428 14 17 0.060167965 
302 460 14 16 0.059776492 
739 446 26 36 0.059015717 
559 425 11 14 0.058774605 
251 486 14 16 0.058333516 
334 412 13 16 0.057304803 
719 281 24 31 0.05682405 
893 405 25 33 0.056814283 
67 185 117 159 0.054774325 
734 395 26 30 0.053751916 
216 365 26 32 0.052796297 
565 426 12 13 0.051187318 
350 477 14 17 0.05088774 
838 419 13 16 0.050477974 
898 411 15 19 0.050308805 
628 462 14 15 0.04870147 
504 405 12 15 0.048111476 
340 419 12 14 0.04771557 
721 471 16 20 0.046600934 
335 459 12 15 0.046500813 
385 413 11 14 0.04626488 
862 421 12 15 0.04611618 
349 466 14 17 0.0460265 
508 299 17 17 0.045963813 
467 444 14 17 0.045854464 
627 413 12 14 0.04575239 
364 460 12 15 0.045570657 
515 417 30 34 0.045312114 
176 115 419 473 0.045235176 
271 459 22 28 0.04513246 
740 398 16 18 0.043765645 
276 427 12 15 0.04376404 
807 442 23 32 0.041772973 
239 430 11 14 0.041041568 
788 447 23 31 0.040810402 
348 434 10 13 0.040709186 
787 446 14 16 0.040278766 
533 440 15 18 0.040164035 
311 483 13 17 0.039675612 
467 458 23 31 0.03887694 
549 348 13 18 0.03829075 
719 353 14 17 0.038257074 
342 467 12 14 0.038164742 
305 458 21 28 0.038095046 
867 490 15 18 0.037460234 
94 392 13 15 0.03745819 
869 439 14 18 0.03696422 
822 366 12 15 0.036483437 
532 500 14 14 0.036409188 
288 491 12 15 0.03597377 
592 426 13 15 0.035921887 
182 286 12 14 0.035656568 
373 461 12 14 0.0354498 
655 425 12 13 0.035194848 
629 417 14 15 0.034545116 
878 392 15 19 0.034473844 
414 425 29 38 0.03408076 
540 412 12 15 0.03404134 
460 439 23 29 0.03398929 
748 454 16 21 0.033849962 
386 437 14 17 0.033760183 
741 406 14 19 0.033618044 
608 452 10 13 0.033491895 
732 432 13 17 0.03344343 
486 425 13 18 0.033434443 
463 416 26 31 0.033229653 
308 466 12 14 0.032870766 
572 420 11 14 0.03267696 
749 444 14 18 0.03254709 
655 200 172 186 0.03250878 
333 468 11 13 0.032502886 
163 187 16 17 0.0318391 
611 377 102 128 0.03159781 
469 427 12 15 0.03134549 
811 484 22 30 0.03130294 
260 412 11 13 0.031278424 
359 430 22 25 0.030803693 
586 363 14 16 0.030295486 
572 481 13 16 0.030213114 
613 451 10 13 0.030132757 
355 391 105 112 0.030132102 
554 444 11 15 0.030109443 
384 408 11 12 0.029845797 
477 419 14 17 0.029614234 
462 406 11 13 0.029613042 
242 414 23 31 0.029456409 
805 358 13 14 0.029437548 
309 412 26 33 0.02940045 
262 451 10 14 0.029200202 
865 432 24 31 0.02905057 
530 313 106 121 0.028849676 
105 394 27 31 0.028843433 
758 388 100 122 0.028813055 
487 433 13 16 0.028685296 
573 412 13 14 0.028675837 
307 454 13 17 0.02835108 
535 405 12 13 0.02831704 
467 476 16 21 0.028248608 
811 446 14 18 0.027729146 
845 403 13 16 0.027658643 
562 330 30 37 0.02754737 
250 419 14 17 0.027491655 
293 82 17 19 0.027274646 
224 460 12 15 0.027190488 
246 442 13 15 0.026892038 
697 371 11 13 0.026884818 
138 398 106 128 0.026831316 
839 458 12 17 0.02675743 
226 156 16 16 0.02674359 
843 411 12 15 0.026673915 
133 458 12 15 0.026667763 
876 439 14 18 0.02642303 
692 275 14 16 0.026388887 
278 435 11 13 0.026332324 
557 447 12 16 0.026199175 
503 455 26 36 0.026165772 
362 473 23 26 0.026152775 
371 398 12 14 0.026040215 
380 469 11 16 0.026016865 
502 406 21 26 0.025994563 
809 376 113 143 0.025979893 
554 419 23 28 0.02592267 
293 431 10 12 0.02591749 
746 368 25 29 0.025841488 
245 474 13 16 0.025791926 
748 436 13 18 0.02569524 
494 466 12 16 0.02564957 
774 447 11 14 0.025593927 
729 408 56 73 0.025585081 
670 318 131 152 0.02553348 
724 421 12 15 0.0253849 
567 325 56 70 0.02532898 
421 442 25 35 0.025323533 
551 418 12 15 0.025223639 
653 421 19 26 0.025199424 
249 284 17 19 0.025194313 
287 431 10 13 0.025100753 
316 487 15 18 0.0250541 
297 308 25 32 0.025006458 
652 282 13 16 0.024970487 
545 341 57 66 0.024954101 
156 416 17 21 0.024941294 
540 353 14 19 0.02491954 
628 471 15 19 0.024861291 
870 429 13 17 0.02482188 
309 302 29 36 0.024812037 
85 449 27 36 0.024788028 
389 407 11 13 0.024454715 
853 303 30 36 0.024077397 
341 497 13 16 0.024064135 
863 435 12 14 0.024019085 
275 420 12 15 0.023932006 
117 551 10 11 0.02380997 
609 493 13 15 0.023776611 
821 540 11 14 0.0237486 
701 383 95 126 0.023740202 
535 467 11 14 0.023735903 
652 403 13 16 0.023686659 
268 418 23 28 0.023614915 
596 416 24 29 0.023612985 
328 412 25 30 0.023603009 
926 446 13 17 0.02359681 
213 149 29 28 0.023436042 
649 429 10 12 0.023366457 
100 263 15 20 0.023192571 
359 431 13 15 0.023075532 
509 479 16 18 0.023016198 
624 172 54 58 0.022968622 
776 406 11 13 0.022863712 
756 359 13 14 0.022823432 
216 269 27 32 0.022651952 
835 397 24 31 0.022650374 
835 412 22 27 0.022516372 
732 395 15 17 0.022437785 
426 328 33 37 0.022295829 
861 373 99 137 0.022228811 
379 432 23 30 0.022228057 
860 445 26 32 0.02219047 
898 271 15 18 0.022148712 
529 427 17 20 0.02214566 
504 292 28 32 0.02212902 
725 413 12 16 0.021997364 
802 365 16 18 0.02198593 
500 426 11 16 0.021974538 
397 475 14 17 0.02197077 
509 398 11 13 0.021855148 
-12 149 188 239 0.021817623 
524 405 12 13 0.02178424 
826 427 26 32 0.021735387 
837 426 13 16 0.02172854 
217 289 16 20 0.021728199 
104 282 27 36 0.02159071 
487 466 13 16 0.021575807 
541 313 54 65 0.021421844 
598 396 12 13 0.021206604 
623 407 13 15 0.021202024 
838 434 12 15 0.021183552 
111 361 13 15 0.021145776 
289 78 28 34 0.021121152 
877 474 14 17 0.021028271 
343 431 11 13 0.020930786 
231 -1 126 142 0.020919308 
673 178 16 19 0.020916065 
392 476 12 15 0.020911848 
853 396 14 17 0.02090902 
838 384 13 18 0.020890692 
278 454 11 14 0.020858446 
373 412 11 12 0.020806655 
779 440 24 32 0.020792242 
556 388 96 123 0.020789282 
196 413 103 120 0.020771602 
583 187 264 319 0.020754308 
765 558 12 14 0.020731905 
609 464 24 31 0.020665234 
233 429 10 14 0.02064754 
559 361 58 70 0.02064556 
136 418 12 15 0.02061563 
767 483 11 15 0.020549439 
134 366 21 25 0.020535767 
579 367 32 35 0.020503659 
167 10 135 147 0.020438492 
366 467 12 16 0.020431679 
271 434 11 14 0.020347023 
526 399 11 13 0.020346696 
523 329 51 61 0.020319445 
895 406 14 17 0.020280432 
640 159 56 60 0.020275347 
479 418 23 29 0.020255135 
118 444 11 14 0.020187652 
726 388 16 18 0.020072967 
815 539 12 15 0.020071818 
282 435 24 27 0.020065412 
128 477 10 14 0.02002148 
