40_Gymnastics_Gymnastics_40_138
22
530 84 83 103 0.9805116 
-13 403 277 298 0.10639885 
175 376 30 37 0.08852725 
544 192 42 45 0.054271895 
700 9 110 147 0.048856262 
769 232 371 446 0.04271643 
189 522 13 16 0.038115498 
670 428 229 251 0.03803619 
464 240 152 161 0.03276636 
899 327 132 147 0.025952632 
834 329 239 256 0.025020652 
810 351 168 179 0.02337365 
451 28 90 113 0.022703093 
709 132 30 34 0.022677585 
159 482 128 141 0.022507343 
415 258 109 129 0.022345101 
-160 322 451 483 0.022330241 
619 153 13 18 0.021864777 
682 456 137 161 0.02173119 
891 388 15 16 0.02100901 
241 494 138 141 0.020656763 
729 520 147 146 0.020585079 
