40_Gymnastics_Gymnastics_40_171
182
481 330 98 119 0.99734086 
891 1304 38 50 0.9107247 
697 1299 33 47 0.88227046 
785 1337 27 33 0.8274528 
0 1298 30 45 0.743436 
393 1201 55 67 0.5714647 
121 972 18 24 0.51993185 
-22 -73 343 397 0.5137894 
265 1076 31 39 0.4060977 
95 1320 26 38 0.3917218 
821 1214 29 42 0.34229946 
769 854 20 24 0.32247537 
633 998 26 32 0.27943215 
271 1179 28 40 0.22902676 
329 859 16 18 0.2206139 
196 991 21 32 0.21575321 
753 1083 44 52 0.21389684 
117 1276 129 136 0.20895 
681 1365 56 62 0.19815224 
374 866 22 29 0.19298786 
194 830 25 34 0.16585612 
886 1055 22 30 0.1581134 
105 1110 21 25 0.15420823 
49 1122 30 43 0.14881995 
315 968 22 33 0.14405881 
674 1276 23 31 0.1435686 
177 878 24 32 0.13848554 
943 1168 26 34 0.13557503 
39 653 341 358 0.13533401 
238 916 23 30 0.13411438 
770 1175 48 52 0.1306739 
628 1033 58 64 0.12960929 
748 698 331 386 0.12467314 
717 991 28 44 0.114526026 
190 1186 25 37 0.1119763 
126 -25 271 320 0.11164564 
688 1186 31 49 0.10353608 
319 1183 30 46 0.100741774 
612 1207 34 47 0.08932352 
538 1006 58 71 0.08250977 
247 1134 25 39 0.080660224 
163 928 29 41 0.07425752 
108 968 24 30 0.0738515 
840 1113 223 246 0.06793593 
372 1185 89 103 0.061202664 
194 1108 26 36 0.059126385 
986 1146 19 22 0.057738587 
803 1196 45 52 0.055565756 
170 1025 26 34 0.0522684 
690 1079 377 439 0.051493313 
648 -54 354 380 0.051222455 
765 886 43 54 0.050819624 
69 446 382 422 0.047558337 
154 1164 19 25 0.047328766 
715 1151 26 36 0.046944845 
314 439 357 392 0.045928434 
138 417 25 30 0.045658264 
761 986 30 41 0.04533145 
700 1196 44 61 0.04192161 
241 1095 27 35 0.041707203 
487 922 213 244 0.04126581 
788 1180 48 54 0.04105215 
582 564 394 422 0.040266644 
929 1017 17 21 0.03989965 
976 1058 26 34 0.03922662 
771 1236 49 65 0.03914577 
130 1011 17 23 0.03831231 
-7 1144 37 60 0.037909742 
805 447 27 35 0.037465546 
95 879 29 41 0.036974233 
169 921 43 56 0.036941063 
717 1207 42 55 0.036432214 
188 1112 40 53 0.036193017 
306 486 34 44 0.036066066 
840 1096 27 40 0.035901684 
129 899 25 31 0.034810487 
654 1310 17 21 0.034722768 
23 687 34 38 0.034144387 
178 1076 29 33 0.033772632 
121 450 17 21 0.032929346 
-3 525 45 57 0.032822262 
80 916 17 20 0.032699622 
10 1109 48 58 0.032650232 
247 1289 34 41 0.032220215 
803 1219 45 57 0.032204967 
872 1167 131 155 0.03197694 
906 1203 18 20 0.03180174 
259 880 25 34 0.031786706 
109 447 28 33 0.031434674 
67 1080 26 38 0.031307757 
374 1121 23 34 0.029681757 
925 1249 28 38 0.029642778 
0 5 156 195 0.028998673 
130 1086 29 32 0.02886181 
235 519 30 34 0.02865243 
813 846 130 141 0.028464938 
238 1041 43 51 0.028232405 
655 52 10 13 0.028227253 
998 1012 26 38 0.028213078 
1 503 148 147 0.027927086 
169 447 20 21 0.027808486 
726 976 54 64 0.027396461 
0 626 41 57 0.027394937 
958 962 45 60 0.027128125 
629 1309 108 123 0.026878446 
362 115 161 151 0.02677254 
198 913 25 36 0.026150571 
741 890 28 35 0.026111627 
180 1059 34 41 0.026089227 
847 565 29 36 0.026049105 
612 1009 92 103 0.025999466 
386 1176 52 68 0.025957948 
741 860 13 17 0.025941702 
128 1053 30 33 0.025895838 
633 49 101 125 0.025880622 
649 882 16 20 0.025803246 
478 1367 48 54 0.025722783 
896 883 148 186 0.025664262 
713 992 21 26 0.02565681 
308 1003 49 57 0.025523137 
696 1169 31 43 0.02489264 
137 1096 26 33 0.02482786 
183 871 29 34 0.024732856 
684 582 31 33 0.02470826 
251 1080 29 38 0.024693338 
218 687 32 37 0.024569694 
752 1184 51 66 0.024376314 
258 851 15 18 0.0243722 
256 1038 31 39 0.024319666 
430 849 345 393 0.024214763 
-83 559 355 395 0.024179354 
339 854 14 16 0.024171425 
547 809 141 153 0.024064057 
431 1075 30 41 0.023993846 
259 877 18 22 0.023880417 
144 1137 39 44 0.023862202 
756 1224 45 58 0.02381702 
352 1160 30 39 0.023813425 
609 755 351 406 0.023370102 
156 1113 28 36 0.023277098 
630 736 141 155 0.023174692 
80 467 27 29 0.023172801 
324 864 25 33 0.023078838 
25 848 35 47 0.023047462 
698 923 19 22 0.022689039 
193 974 47 57 0.022510014 
777 761 59 77 0.022502687 
864 1198 28 31 0.022438932 
321 1080 17 22 0.022402428 
763 913 356 447 0.022384254 
792 1199 129 146 0.022304304 
0 838 42 58 0.022275206 
102 756 59 72 0.022088867 
818 885 22 33 0.02196445 
378 862 16 20 0.021944344 
27 408 27 31 0.02193925 
689 448 30 36 0.021879155 
988 1152 26 39 0.021852791 
143 655 48 58 0.021839403 
748 935 16 18 0.021837585 
826 1049 20 23 0.021655291 
-72 715 340 429 0.021563407 
259 867 15 17 0.021558188 
411 76 186 182 0.021537153 
119 30 179 198 0.02152614 
557 1367 56 66 0.02150047 
587 1310 33 34 0.021418447 
72 672 29 33 0.021234076 
99 974 18 21 0.021154838 
118 1015 30 33 0.02100067 
322 1214 58 68 0.020908361 
206 616 28 33 0.020665377 
169 654 32 41 0.020660454 
237 1060 28 38 0.020653613 
674 484 35 44 0.020612128 
2 387 24 31 0.02039764 
27 712 36 41 0.020180421 
141 691 387 432 0.020174207 
657 1172 90 112 0.02012893 
801 390 26 31 0.020083176 
313 1188 130 136 0.020051416 
129 979 18 23 0.020039964 
