40_Gymnastics_Gymnastics_40_609
31
474 358 127 138 0.98127455 
669 37 55 67 0.36802167 
230 -60 322 366 0.32634962 
695 307 216 261 0.15819982 
732 128 30 38 0.12008295 
245 345 53 59 0.06837338 
134 360 126 137 0.06414592 
174 20 56 60 0.063280195 
627 252 364 391 0.061792556 
642 10 98 109 0.06021799 
134 291 253 263 0.04669623 
833 287 37 48 0.044829357 
564 180 61 65 0.041277092 
408 335 184 225 0.036021553 
731 359 126 167 0.03419808 
168 305 391 406 0.03360272 
674 399 48 54 0.031181484 
145 -2 100 106 0.029306622 
736 9 141 153 0.028462488 
640 -59 369 433 0.028013363 
12 102 358 432 0.027149716 
440 317 124 141 0.026408276 
275 36 369 437 0.026235363 
210 474 135 142 0.025824819 
559 154 95 107 0.025038369 
514 414 78 83 0.024929844 
310 218 353 405 0.023555703 
217 337 135 146 0.023054775 
561 10 29 37 0.021655967 
744 31 27 33 0.020816442 
554 375 34 53 0.020017464 
