40_Gymnastics_Gymnastics_40_274
34
765 141 47 56 0.98596084 
369 124 46 57 0.98367727 
126 124 44 56 0.97952294 
496 106 40 55 0.97929126 
236 115 46 59 0.97896075 
627 119 46 57 0.97553873 
874 163 42 54 0.9672558 
643 74 16 18 0.060889624 
54 343 8 11 0.034652147 
651 384 33 39 0.033728566 
422 339 11 16 0.029867757 
249 259 135 153 0.029599233 
102 43 12 14 0.028966745 
55 357 8 10 0.028783428 
53 349 9 12 0.028531212 
976 240 7 9 0.028301593 
888 383 59 82 0.028162085 
680 147 24 42 0.028117454 
887 266 238 283 0.027447183 
960 238 8 10 0.026853696 
9 308 57 69 0.026048148 
1001 278 9 12 0.025025498 
189 260 121 151 0.024875412 
945 386 102 120 0.0244676 
30 359 8 10 0.022731446 
1007 230 8 10 0.021952841 
166 180 13 16 0.021788225 
8 262 61 68 0.021654362 
579 78 29 35 0.021448378 
271 341 12 15 0.021342818 
676 294 132 136 0.021263815 
-11 280 100 116 0.02118238 
25 352 7 10 0.020660775 
349 426 33 42 0.020069055 
