40_Gymnastics_Gymnastics_40_642
90
867 245 54 67 0.996387 
783 297 49 61 0.9946156 
623 285 51 63 0.9933518 
84 280 48 61 0.99215215 
415 270 46 56 0.9884897 
262 337 39 54 0.9869419 
526 285 47 56 0.98495054 
335 315 41 54 0.97829163 
206 271 42 51 0.9685583 
298 294 17 22 0.52977985 
258 283 19 23 0.2204885 
265 289 17 22 0.1932453 
276 292 11 16 0.18591018 
-1 298 9 14 0.11590964 
957 276 11 14 0.110772975 
54 332 11 14 0.08751129 
68 329 18 20 0.086334914 
992 292 12 17 0.080581 
967 314 50 66 0.07946232 
295 286 13 18 0.07121353 
249 318 18 23 0.05276815 
980 291 14 18 0.050813414 
327 290 14 18 0.04598178 
0 317 14 19 0.045958072 
286 286 10 14 0.045904037 
60 335 14 18 0.04282938 
932 279 12 16 0.039697926 
28 -79 239 269 0.036981884 
-55 319 232 277 0.036943473 
974 286 13 15 0.036489543 
291 295 28 39 0.035800368 
17 331 10 14 0.03522162 
964 283 13 17 0.034579907 
48 331 11 15 0.03438715 
1006 286 11 14 0.032366678 
708 330 16 19 0.032250267 
926 284 14 17 0.03169811 
330 299 15 20 0.031089641 
675 302 12 16 0.031023858 
278 276 12 16 0.030712513 
925 264 10 13 0.030520054 
-100 -188 486 511 0.02939667 
458 385 52 63 0.028080039 
315 291 13 17 0.027702797 
940 285 13 17 0.027138662 
55 328 25 29 0.026646871 
999 286 11 15 0.02622125 
868 44 14 14 0.026043069 
2 82 132 140 0.025784435 
-47 479 214 308 0.025621317 
131 534 160 166 0.025469866 
205 258 30 38 0.025384726 
260 291 29 36 0.025366632 
780 44 14 15 0.024804246 
284 485 12 14 0.024681445 
-10 509 147 164 0.024605144 
335 302 27 38 0.024513213 
358 0 31 30 0.02408392 
1013 289 11 16 0.023856489 
29 246 202 220 0.023802716 
513 293 39 43 0.023770008 
969 295 33 45 0.0233497 
133 262 198 221 0.02303383 
724 293 13 16 0.022687003 
829 0 55 52 0.02231385 
298 233 183 213 0.022155203 
385 564 136 147 0.02202653 
766 -2 14 13 0.02201016 
537 509 158 162 0.02179257 
-2 0 26 34 0.02163798 
876 45 13 14 0.02160535 
40 498 183 207 0.021470837 
320 318 34 40 0.021444723 
14 310 11 13 0.021143159 
460 239 174 194 0.02112757 
304 299 18 22 0.02109102 
440 0 32 34 0.021084215 
957 290 14 17 0.021048058 
964 290 14 17 0.02099909 
-175 308 470 472 0.020982528 
287 292 21 29 0.020885464 
771 44 15 15 0.020772895 
720 310 26 34 0.02072137 
126 -39 229 257 0.020666502 
444 434 14 16 0.020537546 
271 282 18 28 0.020433716 
495 585 144 144 0.02043099 
864 11 36 40 0.020254273 
326 573 215 287 0.020206828 
-25 567 126 139 0.020164803 
