40_Gymnastics_Gymnastics_40_612
48
306 211 98 106 0.96599793 
40 455 38 52 0.8498884 
149 549 31 44 0.3320183 
341 375 201 225 0.19735543 
402 424 115 134 0.14462642 
255 103 46 54 0.14021339 
0 49 186 212 0.092255116 
-4 132 41 62 0.08440815 
197 116 24 32 0.066467926 
526 591 30 42 0.057334796 
237 373 223 238 0.053378846 
36 6 36 37 0.052683923 
233 -45 360 374 0.049686685 
510 616 14 17 0.047190506 
30 537 32 48 0.046007864 
944 544 31 44 0.04446487 
45 106 118 128 0.04126622 
404 467 14 17 0.037227735 
-103 -49 359 386 0.03674318 
421 471 69 75 0.036163807 
675 172 58 62 0.03583432 
681 399 249 296 0.035165146 
640 140 110 120 0.03342865 
318 437 12 15 0.032839987 
522 391 104 131 0.03160115 
88 33 19 24 0.03044718 
258 305 349 358 0.030026533 
-2 22 16 24 0.029761057 
235 486 18 22 0.029230436 
591 88 206 225 0.02920761 
380 478 14 17 0.027820079 
548 393 59 79 0.027735794 
215 44 116 142 0.025184471 
78 138 69 72 0.025079444 
542 352 121 131 0.024218718 
510 440 157 161 0.023415191 
-29 379 201 228 0.023006376 
394 21 236 260 0.022794424 
3 99 100 127 0.022552425 
695 305 28 44 0.022465648 
261 403 14 16 0.022440208 
531 608 16 20 0.02200647 
650 6 418 447 0.021430096 
474 578 35 40 0.02096702 
335 444 12 14 0.02051644 
222 134 121 128 0.020243352 
258 298 32 35 0.020168955 
797 181 13 15 0.020023288 
