40_Gymnastics_Gymnastics_40_627
51
681 1096 163 161 0.8946545 
383 117 106 111 0.30809817 
688 1313 253 264 0.11873386 
672 763 369 411 0.103142574 
650 458 374 400 0.07850824 
412 150 62 85 0.07375411 
515 190 381 401 0.061649214 
544 360 387 401 0.056078814 
551 904 384 451 0.054720428 
231 36 110 110 0.05284985 
627 30 378 423 0.051858094 
472 2 383 415 0.049038257 
595 982 243 278 0.047004644 
334 74 197 192 0.03946119 
360 1176 392 456 0.038588952 
288 823 372 388 0.038330864 
356 50 131 135 0.035395976 
351 891 224 241 0.035230547 
694 330 284 319 0.03185033 
254 50 61 66 0.02995178 
348 926 118 125 0.029809589 
281 88 62 76 0.028417451 
908 977 29 37 0.028211914 
607 998 127 152 0.02772826 
724 1351 154 171 0.027018841 
977 855 55 78 0.026786007 
440 342 60 68 0.026148781 
583 1210 434 472 0.025568457 
3 139 147 151 0.025547663 
-180 1207 475 457 0.025137642 
474 391 56 65 0.02390606 
215 1340 162 164 0.023760445 
709 1023 124 164 0.023703318 
31 624 140 147 0.023701888 
460 1412 15 15 0.023018599 
521 930 232 256 0.022961847 
418 186 58 90 0.022857858 
162 29 125 118 0.022260142 
956 807 96 116 0.022015981 
180 1033 131 151 0.021848185 
692 983 63 79 0.021667851 
982 819 55 71 0.021417616 
663 986 108 142 0.021280568 
10 873 141 149 0.021209614 
368 949 61 68 0.021208633 
12 542 363 408 0.020787181 
856 -42 236 264 0.020761898 
-5 408 103 114 0.02045825 
235 970 61 63 0.02032152 
157 1476 13 15 0.020211224 
875 330 33 36 0.020196073 
