40_Gymnastics_Gymnastics_40_668
254
131 250 137 174 0.98874706 
278 179 137 175 0.9828587 
652 194 69 91 0.97125834 
374 168 114 150 0.96514124 
193 68 101 138 0.9572652 
492 186 85 117 0.94222116 
862 192 93 120 0.93812627 
692 77 11 14 0.7337042 
231 102 70 93 0.7012173 
181 241 150 163 0.66455233 
713 43 11 13 0.63304305 
846 59 17 20 0.60563827 
441 184 100 126 0.5264451 
779 57 15 16 0.45756853 
612 44 10 13 0.44864753 
753 35 10 13 0.4401226 
674 42 11 13 0.36472437 
797 46 12 15 0.33724034 
97 55 9 13 0.30902094 
19 421 45 55 0.30052203 
581 32 9 11 0.2795142 
555 51 12 15 0.25864705 
429 88 15 19 0.25632524 
653 38 9 11 0.25485897 
549 50 13 16 0.238882 
17 66 11 15 0.2256629 
59 52 10 14 0.21076329 
775 53 12 17 0.18527244 
107 76 11 14 0.1851281 
712 51 10 14 0.18014199 
671 69 10 15 0.17996979 
639 47 8 10 0.17333168 
544 52 10 13 0.16494666 
316 223 82 116 0.15346074 
790 50 12 16 0.14793557 
186 302 80 106 0.14700921 
977 275 18 20 0.14411932 
85 55 9 12 0.14041787 
753 233 25 31 0.14034685 
702 77 10 13 0.117769636 
582 37 9 11 0.11154564 
141 106 110 119 0.10675033 
576 66 11 14 0.10487999 
76 288 152 169 0.10432491 
655 33 7 10 0.10241985 
-2 124 10 16 0.09986766 
688 31 8 11 0.09857363 
863 38 11 13 0.09822 
531 201 86 106 0.094971254 
625 154 117 144 0.09322659 
671 62 11 12 0.08809121 
559 117 26 31 0.08783723 
632 363 145 176 0.08775331 
3 101 11 12 0.08530788 
395 547 201 288 0.08389017 
24 91 10 12 0.08386787 
661 45 10 12 0.08188761 
694 30 9 12 0.08081637 
656 44 9 12 0.07280275 
417 206 76 93 0.072397776 
736 250 15 19 0.06967894 
789 251 56 80 0.06960513 
648 45 9 11 0.06677199 
711 39 17 24 0.066225775 
710 77 9 12 0.06482544 
828 341 190 277 0.06250754 
157 375 226 242 0.061002903 
633 46 8 10 0.059313 
757 245 16 18 0.058834407 
879 32 10 12 0.058000796 
608 31 8 10 0.052715287 
611 51 10 12 0.052327983 
-1 151 14 21 0.05194857 
592 40 8 10 0.04989101 
886 44 10 13 0.048643574 
409 623 110 155 0.04819746 
639 53 9 10 0.04737038 
662 76 10 15 0.046911005 
830 58 12 16 0.04662467 
422 84 25 30 0.045877676 
711 59 9 12 0.04578313 
836 51 21 30 0.045777064 
887 38 10 13 0.044835012 
609 39 10 12 0.044663817 
690 73 17 23 0.044379976 
673 52 11 13 0.043998826 
17 38 10 13 0.043603808 
752 439 105 124 0.043526433 
559 39 8 11 0.043496586 
769 52 9 13 0.043370705 
901 236 64 70 0.043353852 
656 72 10 13 0.043337192 
637 78 9 12 0.04286234 
706 61 8 11 0.042663224 
544 38 8 11 0.04222422 
625 62 8 11 0.041916046 
757 43 10 13 0.04104217 
515 110 18 21 0.040717013 
20 44 10 12 0.04053219 
811 212 100 118 0.040497694 
897 62 11 14 0.04048773 
89 39 8 11 0.04018935 
69 92 13 16 0.040016316 
656 52 8 11 0.03985377 
559 268 52 66 0.039830055 
79 76 9 10 0.039762553 
19 76 10 13 0.039755598 
638 41 9 10 0.03909487 
32 70 8 11 0.038777277 
646 99 13 16 0.03846302 
694 54 9 12 0.03835367 
129 140 62 75 0.037710957 
1006 482 12 17 0.03747927 
625 245 37 42 0.035419542 
662 39 10 12 0.035377324 
650 32 8 9 0.035096798 
757 32 9 12 0.034841202 
576 6 105 123 0.034797102 
768 47 9 12 0.03425583 
39 429 262 277 0.033888333 
104 70 11 13 0.033848222 
4 96 9 11 0.03365729 
97 48 8 11 0.033520814 
789 43 21 26 0.03341291 
640 30 7 10 0.03322422 
0 69 7 12 0.03272274 
804 71 11 15 0.032661848 
548 56 12 15 0.03251358 
163 232 364 441 0.032341886 
632 54 8 10 0.032310262 
622 39 8 12 0.032294642 
591 61 9 12 0.031827 
591 120 15 19 0.03173796 
639 23 9 11 0.03171593 
607 39 19 25 0.03171213 
668 35 18 24 0.03160112 
785 64 14 17 0.03139988 
629 207 68 90 0.031383093 
686 36 8 11 0.031369742 
774 47 10 14 0.031171655 
254 127 43 54 0.031150922 
61 58 9 12 0.031145314 
282 209 82 106 0.031087335 
632 40 8 10 0.030983318 
88 47 7 11 0.030980986 
471 110 116 157 0.030930318 
33 329 121 127 0.030858105 
446 231 39 53 0.03068944 
235 143 121 167 0.030647174 
541 44 20 27 0.030640645 
887 218 104 123 0.030600905 
675 46 110 120 0.0302433 
443 301 347 444 0.030204866 
170 29 168 209 0.030080568 
56 48 11 14 0.029489793 
632 76 11 12 0.02922859 
926 47 10 12 0.02919827 
72 78 8 11 0.029167557 
668 63 21 27 0.028748248 
740 242 13 18 0.027888082 
902 383 131 183 0.02773586 
632 31 7 9 0.027695397 
586 280 17 24 0.0274406 
743 31 10 13 0.02735519 
737 237 24 32 0.027244853 
829 148 159 197 0.027179046 
515 76 13 16 0.027053952 
436 307 29 41 0.026967878 
631 70 9 11 0.02695229 
217 432 127 140 0.02686044 
217 498 452 468 0.02673638 
582 24 10 13 0.02671312 
749 30 18 22 0.026688837 
688 72 11 14 0.026624022 
741 80 14 18 0.026612772 
70 85 10 13 0.0266121 
704 71 10 13 0.026573896 
590 22 9 11 0.026486743 
54 45 18 25 0.02640137 
623 31 8 10 0.026252948 
528 53 9 12 0.02617551 
615 31 8 11 0.02615002 
830 45 10 15 0.025875902 
663 31 7 10 0.025836779 
5 86 9 11 0.02575867 
648 20 104 121 0.02572566 
81 59 9 12 0.025720835 
925 448 13 18 0.025632588 
672 23 8 10 0.025315154 
1012 481 11 16 0.025173739 
480 73 16 18 0.025015924 
840 56 27 33 0.024734296 
808 29 9 13 0.024605121 
710 53 125 143 0.024577474 
103 70 19 25 0.024432939 
599 55 8 10 0.024418853 
455 125 10 15 0.02430362 
824 45 9 14 0.024293033 
767 31 9 11 0.024279982 
95 40 8 10 0.02404151 
720 31 9 11 0.024038726 
885 54 9 10 0.023817193 
57 59 9 12 0.023809308 
851 48 24 31 0.023750158 
750 211 45 56 0.023415355 
475 -204 504 544 0.023059888 
880 53 10 13 0.02294664 
417 283 53 74 0.02291292 
588 230 52 69 0.022809278 
522 355 217 261 0.022726249 
927 51 10 13 0.022680817 
677 76 10 12 0.022680052 
921 248 33 43 0.022654695 
774 39 8 10 0.022614125 
615 23 9 12 0.022440104 
872 555 141 148 0.022319706 
735 38 9 12 0.0223058 
0 78 9 12 0.022242311 
484 81 15 19 0.02220098 
624 55 8 10 0.022156948 
698 70 16 25 0.022147581 
695 60 8 11 0.022060525 
624 67 10 12 0.0220578 
622 45 8 11 0.021964312 
13 62 19 25 0.021895837 
697 69 58 68 0.021843238 
636 84 11 13 0.02181944 
632 24 8 11 0.021716695 
60 38 10 12 0.021694351 
763 107 16 19 0.021674708 
766 46 20 26 0.021654444 
558 32 10 11 0.02158689 
799 545 164 182 0.021516962 
251 105 14 20 0.021454321 
85 715 12 16 0.021375844 
118 654 28 35 0.021361012 
13 115 12 17 0.021276906 
577 273 28 40 0.0210733 
3 147 14 21 0.021026263 
571 59 19 25 0.020960879 
735 31 9 12 0.020929942 
695 25 10 12 0.02084634 
883 569 14 17 0.020751256 
30 88 10 13 0.020678325 
722 311 388 492 0.020607319 
551 49 20 25 0.020377269 
449 669 66 88 0.020368507 
94 49 18 25 0.020340465 
705 55 9 12 0.02029409 
774 56 24 28 0.020189766 
461 94 25 31 0.020098804 
735 195 13 16 0.020065872 
-4 420 52 67 0.020040598 
591 137 51 63 0.020021928 
