40_Gymnastics_Gymnastics_40_24
198
700 269 55 78 0.8341815 
988 479 14 18 0.32903078 
667 448 15 17 0.28793395 
964 362 14 17 0.28763065 
174 530 16 20 0.2408161 
676 229 96 123 0.20278323 
968 443 28 39 0.18790399 
785 159 116 158 0.18752712 
231 438 28 36 0.17287242 
634 471 15 19 0.14521107 
680 248 57 79 0.12745294 
604 474 17 20 0.120406136 
256 120 214 250 0.11967128 
-32 402 102 145 0.1066402 
618 235 35 42 0.10471633 
479 514 47 69 0.10453611 
153 512 15 17 0.10303496 
557 532 14 18 0.09837184 
450 442 17 22 0.096492276 
534 528 13 16 0.094431385 
694 264 35 50 0.09407701 
933 429 28 38 0.09405275 
296 520 49 67 0.091060035 
531 553 16 19 0.08907325 
916 243 15 20 0.08720365 
790 115 213 268 0.08321638 
694 432 21 31 0.07842854 
210 444 16 21 0.07390633 
534 450 16 18 0.06697019 
68 550 14 17 0.065129526 
163 467 16 21 0.06223702 
390 427 15 18 0.058287304 
645 182 13 17 0.05826087 
563 536 14 16 0.056232248 
268 450 17 19 0.05401419 
501 161 180 226 0.05352913 
1000 225 25 36 0.053086303 
690 463 15 18 0.053015087 
562 566 15 21 0.05273634 
603 515 14 17 0.051551893 
596 516 14 17 0.05052083 
158 470 25 31 0.05031585 
596 506 16 19 0.050074026 
625 502 54 65 0.049332805 
-4 418 51 86 0.047550175 
662 213 54 67 0.047079846 
93 571 13 14 0.046876647 
571 499 13 17 0.04673337 
639 204 100 123 0.046317518 
63 552 21 31 0.04580277 
241 50 366 377 0.045432236 
571 465 13 16 0.044872265 
135 553 16 20 0.04482015 
674 295 65 74 0.04454425 
629 453 25 34 0.043710373 
109 442 50 59 0.043361578 
415 473 15 20 0.042790044 
795 552 17 18 0.04151436 
-47 355 171 219 0.041501462 
581 445 107 136 0.040586684 
143 588 12 16 0.040182743 
419 158 348 429 0.039581172 
193 554 16 19 0.03941626 
110 562 13 15 0.039259195 
935 252 30 36 0.038867805 
540 493 12 14 0.038691334 
595 554 14 16 0.038630627 
898 352 14 18 0.03824662 
177 444 122 149 0.037834793 
372 538 15 19 0.037678733 
182 512 14 17 0.03760465 
918 358 13 15 0.03719745 
997 565 26 36 0.037059274 
343 447 143 169 0.036936376 
167 29 31 43 0.03683929 
625 224 52 67 0.036457986 
628 570 18 20 0.036359202 
617 168 28 38 0.03621573 
915 416 46 61 0.03580855 
695 430 14 18 0.0356324 
529 549 11 15 0.035079565 
245 530 13 15 0.034808133 
724 287 36 51 0.034526654 
724 128 340 395 0.03451739 
298 435 22 33 0.034247454 
596 222 52 61 0.033224728 
227 478 16 20 0.03302044 
740 184 115 142 0.032652095 
525 563 17 21 0.032100353 
549 231 59 69 0.031767968 
460 585 15 17 0.03168645 
607 528 13 18 0.03130262 
636 203 53 68 0.031065691 
577 204 199 219 0.031030256 
920 390 31 34 0.030873127 
481 436 15 18 0.030702755 
488 498 30 38 0.029934034 
106 552 15 19 0.029711796 
162 485 18 21 0.02949815 
293 544 36 37 0.029432971 
0 327 13 20 0.029183736 
276 155 130 159 0.029003074 
597 455 29 37 0.02896124 
800 327 105 120 0.028837904 
812 572 14 18 0.028834226 
529 503 24 34 0.028300041 
196 492 12 14 0.02793751 
118 520 16 20 0.02769629 
665 225 18 24 0.02741257 
22 358 17 20 0.027219212 
529 474 103 127 0.027038805 
490 471 16 18 0.027013713 
970 548 19 23 0.026738243 
628 507 13 15 0.026588112 
980 511 31 37 0.026441041 
165 570 14 17 0.025879167 
279 488 91 116 0.025639838 
74 50 385 419 0.02562782 
661 473 15 19 0.025624106 
85 361 18 23 0.025227787 
143 366 224 268 0.025108604 
460 479 13 18 0.024755657 
436 523 13 16 0.024623403 
97 497 16 19 0.024584077 
892 385 14 17 0.024582658 
485 9 51 57 0.024538977 
-24 462 112 130 0.024356116 
624 554 27 32 0.024334209 
530 521 22 28 0.024164936 
596 523 13 18 0.023830447 
867 238 17 21 0.023666693 
607 174 104 126 0.023654757 
452 462 17 21 0.023621198 
481 460 28 31 0.023585271 
188 428 13 14 0.02357448 
-9 228 153 174 0.023552416 
325 591 17 19 0.023542183 
541 484 12 16 0.023516947 
632 216 30 45 0.02345463 
996 378 28 38 0.023444764 
370 453 49 65 0.023432037 
173 457 16 19 0.023412364 
453 430 14 17 0.0232022 
439 474 106 139 0.022975305 
564 557 15 19 0.022858432 
379 538 14 19 0.022797972 
103 547 13 16 0.022698527 
670 439 12 15 0.02256947 
182 501 14 18 0.022543322 
536 485 11 13 0.02250063 
298 59 32 36 0.02247952 
613 516 13 16 0.022479312 
140 444 15 16 0.022475528 
448 447 23 31 0.022404796 
501 494 12 15 0.022324821 
20 38 14 18 0.022295658 
979 249 16 20 0.022269184 
540 505 14 17 0.022259869 
214 435 46 58 0.022245301 
657 473 26 34 0.022218425 
539 549 14 17 0.022100616 
622 500 26 32 0.02209964 
619 181 18 22 0.022012778 
947 505 25 34 0.021961423 
179 463 17 19 0.021960849 
618 518 24 30 0.021948501 
304 516 11 15 0.02193814 
780 -2 133 142 0.021810351 
708 40 17 20 0.021581717 
637 428 13 16 0.021472288 
551 194 99 126 0.02142497 
924 529 121 123 0.021370873 
129 441 30 37 0.021318717 
960 357 13 17 0.021217369 
638 27 30 31 0.021148238 
631 523 14 17 0.021117488 
178 525 15 19 0.02106884 
565 453 23 29 0.021064503 
776 562 54 60 0.021035122 
957 490 16 19 0.020947834 
612 524 13 19 0.020920817 
116 485 30 32 0.020666758 
636 264 60 78 0.020663463 
304 22 50 61 0.02061177 
195 449 14 19 0.020594593 
245 490 14 17 0.020581014 
217 531 50 63 0.020538727 
789 556 32 34 0.020527788 
239 532 12 16 0.020409966 
189 550 15 16 0.020402854 
660 221 29 44 0.020363543 
650 500 36 45 0.020357948 
913 362 28 31 0.020340761 
558 504 52 59 0.020332988 
52 519 104 117 0.020316726 
564 494 23 27 0.02029421 
539 523 11 16 0.020244295 
1005 55 17 20 0.02014512 
