40_Gymnastics_Gymnastics_40_805
171
473 799 172 217 0.9817193 
802 1017 63 71 0.6137383 
62 684 54 65 0.33601582 
555 1330 67 72 0.32636726 
294 649 29 41 0.28587437 
947 978 46 65 0.2585309 
187 1460 50 62 0.19794923 
851 870 62 87 0.17902255 
671 1437 118 135 0.17620945 
293 1375 55 76 0.17030576 
772 1103 99 106 0.13501428 
773 990 102 127 0.12218058 
623 1220 118 125 0.11131912 
632 1201 52 63 0.091134235 
795 1416 125 142 0.07837303 
718 1420 120 139 0.07248778 
728 476 33 50 0.07229313 
677 424 51 66 0.07206254 
389 431 152 178 0.07194206 
410 989 361 403 0.06927641 
303 2 113 128 0.06295841 
560 1299 111 111 0.060349267 
525 108 71 70 0.060017344 
584 1260 143 138 0.05785912 
180 597 122 149 0.057840414 
241 1046 128 132 0.057120558 
759 1963 120 133 0.055042382 
153 1425 104 113 0.05432953 
418 196 33 37 0.053900175 
709 1464 65 79 0.052436434 
98 631 211 240 0.05145455 
327 210 102 112 0.051260475 
208 1963 339 401 0.049772423 
213 1282 27 32 0.049162116 
286 406 49 60 0.0488627 
367 177 118 116 0.048646405 
966 1317 56 72 0.04782075 
859 967 122 135 0.047079954 
141 1356 135 160 0.045141645 
412 1769 132 190 0.044602107 
722 582 24 29 0.044520356 
360 245 117 136 0.044200927 
251 915 88 111 0.04361301 
999 1504 25 40 0.04144611 
817 820 99 129 0.04119871 
731 969 166 200 0.040332913 
309 260 37 44 0.040203772 
751 838 32 36 0.040146098 
90 1190 16 19 0.039324123 
824 2217 138 141 0.03791432 
274 599 29 39 0.037514515 
227 582 99 128 0.037138082 
896 1181 101 127 0.036758736 
383 2140 166 179 0.03670328 
432 -5 35 44 0.036651816 
338 229 211 226 0.036395755 
755 629 32 42 0.036350615 
697 1063 21 24 0.03624603 
738 581 14 18 0.036114324 
18 530 363 409 0.035827734 
227 1631 358 402 0.035824243 
509 74 119 116 0.034958094 
150 884 35 43 0.034863498 
547 346 59 66 0.034814417 
117 674 137 144 0.034385405 
779 598 108 127 0.03413262 
272 615 51 71 0.033386588 
248 977 130 146 0.032734465 
664 597 30 35 0.03272559 
26 1957 364 424 0.03221485 
591 1066 50 62 0.032084994 
824 990 107 116 0.031817716 
576 1162 208 229 0.031713516 
284 577 14 18 0.031675927 
41 668 91 103 0.03144218 
917 1012 57 80 0.03133754 
715 965 113 145 0.031241234 
567 1813 411 455 0.031121004 
474 0 18 18 0.030931395 
-4 52 380 428 0.03055677 
915 1247 19 23 0.030334972 
909 1249 15 20 0.030312194 
604 2021 370 399 0.030170871 
345 257 65 84 0.030056754 
981 1212 11 14 0.029986639 
692 667 57 63 0.029914793 
75 1261 204 242 0.029475978 
883 1739 138 145 0.028406832 
574 281 13 15 0.02814773 
359 729 337 387 0.028051918 
251 586 60 67 0.027955191 
941 1614 37 42 0.027848797 
842 1583 33 47 0.027779894 
733 2215 151 147 0.027552072 
451 679 53 67 0.027352313 
901 1408 50 57 0.02733958 
785 1154 235 261 0.02710806 
802 1303 102 111 0.02700332 
751 1358 125 133 0.02688487 
724 112 402 451 0.026526473 
820 1556 52 64 0.026361778 
607 1171 57 72 0.026270658 
702 1928 238 278 0.026234476 
241 1305 15 18 0.025950909 
306 540 49 57 0.02567574 
201 598 57 61 0.02557065 
441 907 33 42 0.02551169 
429 2033 149 140 0.02519921 
821 1584 52 68 0.025031572 
466 652 62 74 0.02493788 
307 809 53 62 0.024919959 
312 994 49 60 0.024751352 
148 621 27 39 0.024655066 
37 1128 261 298 0.02449631 
385 2061 146 172 0.024440503 
151 1041 15 20 0.024110164 
281 912 56 71 0.024042018 
231 519 35 37 0.023921175 
911 959 96 112 0.023891475 
731 584 28 36 0.023838656 
94 829 369 463 0.02382082 
6 1548 88 118 0.023752907 
263 703 34 41 0.023687905 
724 851 15 18 0.023671865 
227 720 30 42 0.023449136 
-1 1592 28 45 0.023409301 
727 1452 11 14 0.023354968 
497 562 34 38 0.023246828 
263 1344 102 129 0.023152968 
599 290 123 142 0.023107931 
41 2230 135 128 0.023043152 
815 834 34 41 0.022648022 
629 1403 241 261 0.022589508 
676 204 172 175 0.02251915 
278 640 32 41 0.022448337 
333 660 30 34 0.022301858 
456 69 189 200 0.022198476 
-44 224 394 449 0.02213583 
684 554 18 18 0.02210065 
547 1088 396 437 0.02201285 
187 956 228 253 0.022003781 
781 -103 241 305 0.021932993 
844 1487 124 132 0.021908248 
325 183 32 35 0.021717632 
277 608 16 22 0.02165809 
420 33 14 19 0.021609329 
428 -6 115 129 0.021576146 
85 1196 30 34 0.021560624 
675 540 30 33 0.021468962 
753 1373 193 231 0.021360893 
711 578 50 57 0.021317666 
166 1279 200 225 0.02130118 
748 1307 116 124 0.021280536 
864 847 53 74 0.02127871 
950 1751 67 66 0.02118488 
903 2283 35 43 0.021098742 
991 2322 29 36 0.021042777 
284 637 125 136 0.020975681 
839 672 31 44 0.02094714 
110 828 65 73 0.020940688 
676 942 116 137 0.020926284 
699 1070 422 482 0.020860322 
702 1029 12 14 0.0208522 
864 2249 137 135 0.02076772 
933 1715 128 137 0.020716546 
567 283 13 15 0.020597568 
662 659 117 119 0.02057116 
243 687 53 66 0.02034668 
822 2097 156 161 0.020314315 
68 546 31 33 0.020093804 
666 1459 27 32 0.020013263 
