40_Gymnastics_Gymnastics_40_492
147
308 8 23 32 0.9865856 
549 46 23 32 0.98441523 
471 150 38 52 0.982498 
357 148 43 54 0.97087616 
554 131 41 53 0.967259 
650 122 42 51 0.9667286 
485 63 21 30 0.9467027 
510 56 21 29 0.9240645 
266 14 22 32 0.91787565 
205 14 25 36 0.9163294 
587 79 24 29 0.84272057 
364 76 22 29 0.83410513 
380 0 20 24 0.8230425 
448 -6 22 24 0.6532203 
469 82 16 20 0.6280681 
37 0 19 27 0.62269366 
299 47 28 40 0.53299266 
338 -1 26 25 0.52140677 
448 111 17 21 0.51746535 
404 67 11 15 0.37637118 
307 67 22 37 0.25174907 
426 81 11 15 0.24843873 
493 3 17 20 0.18109877 
414 -2 17 18 0.17742911 
73 0 16 18 0.17040269 
402 24 18 22 0.15248124 
386 66 14 15 0.14019728 
519 27 13 17 0.11277927 
353 -2 19 22 0.107094236 
331 94 15 19 0.09234237 
5 85 12 18 0.090467155 
533 9 29 36 0.08821346 
185 11 48 54 0.08592152 
400 103 28 39 0.078036025 
451 67 12 16 0.0747675 
258 6 20 25 0.06519819 
551 332 12 16 0.06047443 
345 131 15 19 0.057318777 
445 52 12 15 0.052717455 
169 18 17 21 0.052252505 
100 39 12 15 0.04717932 
467 122 16 20 0.044520516 
444 43 13 16 0.04420977 
548 100 27 36 0.044142734 
376 81 15 21 0.043051064 
413 106 25 39 0.043014813 
583 83 18 21 0.04287496 
0 0 12 18 0.041962374 
261 58 14 18 0.040484913 
357 348 12 15 0.039630383 
512 41 24 35 0.038615696 
338 123 23 35 0.038260095 
446 59 14 19 0.038019605 
397 63 14 15 0.037497215 
455 114 24 29 0.037147272 
693 301 12 14 0.03689993 
391 107 23 32 0.03678296 
399 20 15 20 0.036768842 
496 65 16 22 0.036747944 
1007 24 13 19 0.03658591 
588 309 13 16 0.03620668 
685 309 13 15 0.035421368 
27 42 16 20 0.03513584 
516 25 21 32 0.03485676 
21 28 25 38 0.034120187 
436 146 15 19 0.033622198 
47 614 10 12 0.03361434 
301 20 29 41 0.033563 
908 97 14 18 0.032557387 
600 77 16 22 0.031780913 
580 333 13 13 0.03174866 
654 308 15 18 0.031692628 
427 120 15 19 0.030880947 
917 -2 13 13 0.030464103 
351 347 11 15 0.030390004 
378 64 24 31 0.030160146 
234 34 16 20 0.030146226 
590 88 29 38 0.03010452 
428 113 22 31 0.030009344 
499 0 13 16 0.029818043 
78 52 13 15 0.028647304 
334 460 120 152 0.028590206 
291 -1 13 13 0.028105367 
586 315 14 16 0.02806031 
582 309 13 14 0.028022103 
926 -2 13 13 0.02774356 
358 331 12 14 0.027647091 
879 76 14 17 0.027447682 
748 207 57 62 0.02710172 
478 51 15 18 0.026934326 
329 0 26 32 0.026737971 
691 187 15 18 0.02646529 
157 4 55 58 0.02610794 
62 573 12 14 0.025319364 
563 -2 29 32 0.025070796 
46 620 11 13 0.02501042 
292 309 137 162 0.02495722 
-25 489 225 261 0.02478752 
118 433 130 142 0.024435801 
460 29 15 18 0.024321996 
694 308 12 14 0.024203256 
437 58 12 17 0.024153672 
932 -1 13 12 0.024148637 
358 75 17 22 0.024122432 
439 35 13 17 0.0239233 
294 101 29 36 0.023671998 
272 102 58 66 0.023553828 
54 613 11 14 0.023375038 
535 333 10 12 0.023325384 
433 150 24 30 0.02332412 
64 -3 25 33 0.022975024 
456 90 11 16 0.022760313 
216 22 29 36 0.022555953 
979 0 16 17 0.02242355 
368 29 109 122 0.022422044 
420 88 14 17 0.022402126 
750 233 34 41 0.0223895 
45 588 13 15 0.022377761 
1011 244 13 19 0.021968108 
404 1 16 18 0.021940067 
460 67 12 16 0.021881165 
-1 -1 21 31 0.021744281 
549 324 12 16 0.021657353 
390 348 12 15 0.021593887 
267 60 13 19 0.021344692 
581 115 29 35 0.021299528 
623 146 13 16 0.021271303 
438 68 11 14 0.021203559 
622 331 12 14 0.021135524 
796 523 234 279 0.02109067 
228 -1 24 25 0.020930942 
-133 386 444 490 0.020772487 
414 75 11 15 0.020747062 
1003 250 21 41 0.020741863 
550 99 16 21 0.020649932 
278 16 16 21 0.0206354 
431 50 13 16 0.020621067 
486 51 36 46 0.020547876 
11 -1 15 15 0.020437468 
459 20 25 31 0.020311136 
419 74 19 25 0.020275272 
907 4 17 18 0.02024856 
503 2 24 31 0.020230943 
917 65 12 14 0.020197602 
55 629 12 13 0.020058513 
396 9 15 18 0.020040104 
306 108 29 39 0.020009777 
