40_Gymnastics_Gymnastics_40_1022
28
522 314 97 114 0.994484 
787 162 253 292 0.092457436 
691 147 421 469 0.05140014 
1010 499 12 19 0.045314692 
686 345 245 302 0.03934094 
339 396 432 436 0.037411265 
29 -14 119 132 0.033965215 
815 300 139 141 0.032742348 
300 515 15 18 0.03220086 
405 478 234 255 0.031669702 
1011 491 12 18 0.031223105 
819 488 140 145 0.030024063 
1013 486 10 15 0.029362949 
476 440 29 33 0.029290607 
-13 174 107 116 0.02675253 
466 526 52 77 0.026669936 
-9 217 50 66 0.023627924 
117 385 135 140 0.023367843 
53 476 14 16 0.022187391 
293 532 33 32 0.021669852 
737 11 398 404 0.021291237 
856 708 57 68 0.021130104 
804 180 15 16 0.02094909 
444 499 111 119 0.020809095 
62 469 13 15 0.020800125 
855 679 57 64 0.020732762 
441 611 55 62 0.020224579 
75 477 121 140 0.020089785 
