40_Gymnastics_Gymnastics_40_783
95
453 384 74 81 0.87987125 
233 572 19 24 0.50715667 
590 440 30 44 0.4140073 
954 77 22 31 0.40586677 
705 563 27 35 0.4012676 
300 617 45 50 0.25223315 
661 244 128 149 0.24573234 
344 434 45 55 0.20633905 
710 523 16 21 0.16664903 
472 19 138 160 0.14697483 
345 444 24 40 0.13863568 
380 430 29 49 0.13754818 
433 333 123 142 0.11966269 
627 207 195 248 0.10950579 
383 561 23 26 0.09077664 
116 205 253 281 0.08384766 
961 381 48 58 0.07626722 
411 -77 364 433 0.07454104 
832 10 39 49 0.07347097 
981 567 29 37 0.07150169 
416 -13 216 272 0.068853065 
18 108 112 135 0.063677564 
133 177 26 34 0.06233937 
805 574 35 43 0.0591286 
316 252 121 142 0.058062248 
915 175 17 21 0.056225177 
146 257 151 187 0.051692452 
224 15 355 399 0.047747236 
755 528 18 22 0.047648013 
70 524 16 19 0.046622712 
18 256 344 415 0.042998355 
696 277 76 83 0.042626493 
975 500 27 36 0.042403556 
520 131 391 435 0.041129272 
141 554 50 64 0.040072102 
359 440 51 68 0.03635029 
336 302 61 73 0.035941124 
887 265 28 33 0.03413399 
823 232 144 176 0.033675864 
418 471 35 39 0.03287464 
387 232 117 128 0.032502186 
602 451 16 26 0.032434173 
648 579 29 35 0.03195107 
-2 180 17 25 0.03137149 
516 41 66 83 0.030550782 
582 251 150 182 0.0304847 
705 100 349 414 0.029607104 
51 132 58 79 0.02911882 
341 451 18 24 0.028581703 
302 515 56 75 0.02857261 
568 448 46 60 0.02833766 
605 -23 376 412 0.028237762 
244 239 18 22 0.028147092 
250 599 27 35 0.027819535 
220 563 23 29 0.02775884 
76 519 14 16 0.027023893 
899 578 14 17 0.026750749 
637 613 33 39 0.026157776 
558 452 30 43 0.025891393 
-27 67 331 416 0.025867848 
60 545 16 20 0.025761288 
209 565 17 21 0.025415998 
144 546 103 128 0.025380762 
337 554 27 36 0.025169175 
256 617 49 55 0.025094151 
120 225 54 63 0.024399891 
235 555 15 18 0.024199545 
210 598 27 34 0.02394577 
-2 150 107 127 0.023653332 
812 273 14 19 0.023428284 
229 552 27 31 0.02331674 
667 555 17 20 0.023195801 
144 186 17 21 0.022858953 
130 202 60 69 0.022810187 
258 627 27 35 0.022676561 
739 480 153 180 0.02245944 
379 556 19 23 0.022283884 
59 402 384 417 0.022241285 
200 611 27 33 0.022238597 
161 238 347 425 0.022193352 
379 541 29 36 0.021987217 
964 495 28 35 0.021715289 
-1 519 14 21 0.021561453 
203 550 26 33 0.021080589 
951 89 32 37 0.02102695 
441 535 150 157 0.020964652 
25 228 32 34 0.020655999 
459 190 19 23 0.020529032 
734 590 31 32 0.020511774 
61 517 13 16 0.02050229 
786 606 27 36 0.020372957 
963 111 17 20 0.020193286 
471 614 36 41 0.020180402 
745 527 32 44 0.020103015 
206 627 33 40 0.020085208 
