40_Gymnastics_Gymnastics_40_646
170
771 316 51 64 0.99184716 
916 303 53 65 0.9915097 
547 193 47 60 0.99028325 
501 309 46 57 0.9898414 
380 278 47 58 0.9897244 
119 294 46 56 0.9882636 
837 162 48 58 0.9855409 
259 253 44 57 0.98494554 
392 150 39 54 0.9840252 
594 302 46 58 0.97572327 
712 165 43 52 0.97381884 
959 65 15 19 0.8235661 
999 79 14 17 0.69300956 
934 81 12 15 0.6121454 
173 83 15 19 0.61060834 
275 68 12 15 0.38723096 
1003 42 12 14 0.3616928 
894 78 11 13 0.24835873 
997 84 22 33 0.20319474 
372 77 11 15 0.1511159 
186 86 20 30 0.13209957 
998 126 14 18 0.11850524 
804 0 18 20 0.10625478 
189 83 14 18 0.102395795 
194 99 13 16 0.100877665 
178 77 16 20 0.091261715 
273 64 10 12 0.08850397 
46 112 12 16 0.07944193 
178 88 14 19 0.077834375 
1012 146 10 17 0.077707864 
182 70 11 15 0.07305988 
166 77 14 19 0.0667365 
11 78 30 49 0.06653256 
403 22 49 69 0.06600453 
975 85 12 15 0.06389412 
628 6 115 145 0.062283885 
939 79 11 14 0.06135586 
929 78 11 15 0.061274644 
731 328 134 149 0.059722047 
188 102 15 20 0.058999225 
953 68 11 15 0.057369575 
158 83 10 16 0.057203073 
942 99 38 43 0.056498878 
781 90 12 17 0.049220484 
951 74 10 15 0.04796348 
817 4 48 58 0.047068186 
475 314 112 134 0.046390034 
974 76 12 15 0.044639938 
283 69 11 15 0.044392377 
24 20 98 129 0.044375625 
900 78 10 12 0.04401225 
983 69 11 14 0.041358095 
284 77 12 15 0.041043118 
999 50 11 13 0.04092447 
1003 72 13 15 0.040220357 
157 91 12 19 0.039958935 
165 85 42 52 0.03947169 
500 392 46 44 0.03906851 
455 81 29 37 0.038926307 
188 70 11 14 0.03859124 
56 99 11 14 0.038566228 
570 498 33 40 0.038423024 
591 -16 186 235 0.037969 
380 76 10 13 0.037469298 
918 77 9 13 0.037154756 
368 71 9 12 0.036775976 
756 74 13 18 0.03572987 
992 76 12 15 0.03489627 
270 74 13 16 0.03470155 
268 67 20 28 0.034508877 
911 69 12 15 0.034484543 
26 105 14 18 0.0343719 
453 14 103 122 0.033901036 
388 101 11 13 0.033832908 
56 92 11 15 0.033717595 
407 -6 88 121 0.033091072 
126 371 57 60 0.03302862 
578 2 104 130 0.032978483 
615 67 124 132 0.032787055 
372 92 11 14 0.032722153 
174 70 14 16 0.032205608 
913 76 10 14 0.032061107 
240 78 10 13 0.031506624 
383 108 12 14 0.031324275 
295 61 9 12 0.030843224 
982 76 11 14 0.030605279 
888 83 10 14 0.030562505 
365 -8 97 114 0.030365774 
634 356 15 18 0.030345414 
285 62 10 13 0.030189658 
503 85 57 67 0.02998236 
287 52 9 12 0.02987874 
1015 52 10 14 0.029466838 
368 83 11 14 0.029400304 
1013 44 11 15 0.02922844 
197 33 103 122 0.029050946 
391 95 9 12 0.028847368 
18 73 15 20 0.028778607 
1005 51 12 13 0.02871861 
177 92 25 33 0.028717078 
856 324 130 149 0.028623583 
166 70 12 16 0.028565692 
374 127 15 20 0.028442627 
828 92 15 17 0.028235337 
684 241 139 141 0.02796771 
506 20 99 121 0.027807359 
164 83 22 28 0.027799973 
239 109 9 11 0.027762001 
207 53 50 64 0.02772309 
740 91 17 22 0.027026175 
753 57 42 58 0.026874729 
365 36 114 123 0.026762858 
532 237 13 17 0.026571997 
40 82 27 37 0.026449366 
919 101 11 14 0.026413843 
951 62 12 15 0.026192624 
920 95 9 11 0.02589051 
486 108 12 13 0.025867185 
72 324 145 146 0.025843358 
54 110 9 13 0.025748055 
221 68 54 64 0.025487203 
226 26 12 15 0.025465148 
989 69 13 15 0.025278319 
269 1 109 126 0.025159756 
933 77 19 25 0.02509876 
900 84 12 14 0.02505755 
975 182 54 64 0.02426966 
374 63 9 12 0.024203397 
5 70 28 36 0.024189303 
214 148 14 15 0.024153534 
763 82 16 23 0.024092982 
292 123 12 14 0.023996746 
154 91 21 31 0.023964409 
490 41 15 18 0.023872424 
835 92 14 16 0.023723315 
984 61 10 14 0.023504023 
975 47 10 13 0.022921342 
-58 2 182 232 0.022828631 
1011 92 12 17 0.022668792 
152 86 9 12 0.022623852 
919 85 8 11 0.022502981 
429 64 13 17 0.022339663 
545 489 54 58 0.022270627 
364 119 21 28 0.021811191 
509 431 33 36 0.021781202 
477 107 31 30 0.021742577 
741 288 85 108 0.021562265 
496 276 51 69 0.0215376 
965 358 13 16 0.0214892 
999 37 18 25 0.021469222 
303 71 9 12 0.021432487 
152 93 10 14 0.02127997 
468 65 28 36 0.021111866 
157 79 19 27 0.021091407 
28 102 31 39 0.021076934 
326 78 10 13 0.021049768 
912 132 107 122 0.021014526 
286 46 10 12 0.02094954 
-31 154 131 155 0.020923566 
814 360 31 43 0.0208341 
246 77 10 14 0.02082193 
800 104 51 63 0.020804727 
934 88 13 16 0.020695187 
783 0 45 54 0.020489186 
55 83 13 16 0.020169185 
263 47 9 11 0.02011304 
334 103 10 11 0.020100687 
374 100 11 13 0.020031748 
552 101 10 13 0.020025644 
942 70 11 14 0.020016335 
