40_Gymnastics_Gymnastics_40_361
37
532 470 71 78 0.84740424 
697 57 348 376 0.7487271 
330 75 231 262 0.36550215 
14 320 237 268 0.18864621 
521 404 95 130 0.14534824 
-50 148 367 404 0.107307404 
491 448 113 132 0.08993622 
478 650 14 18 0.06751516 
391 107 153 153 0.06569495 
442 556 26 31 0.050483625 
545 380 53 85 0.050358146 
192 7 118 111 0.044096492 
520 347 124 148 0.044016603 
65 52 362 412 0.04028718 
443 639 27 36 0.034900025 
601 244 55 66 0.03446294 
348 35 346 401 0.034050312 
581 550 55 61 0.029978782 
930 7 102 125 0.029035307 
551 420 30 45 0.027354036 
139 -58 222 237 0.026963899 
420 435 138 152 0.026436446 
788 229 131 132 0.025598142 
443 372 182 201 0.025058998 
203 30 62 64 0.024881149 
151 125 393 461 0.024871456 
512 474 31 35 0.023622433 
296 277 361 417 0.023389077 
507 521 17 21 0.023046253 
656 153 56 61 0.02145985 
457 125 68 80 0.0214589 
204 179 29 36 0.021112425 
-2 187 24 49 0.021010138 
688 330 54 69 0.02096698 
576 250 56 61 0.020558981 
-110 268 467 468 0.020395836 
510 524 31 38 0.020031953 
