40_Gymnastics_Gymnastics_40_740
172
400 766 226 291 0.9810204 
0 1019 108 140 0.27436757 
913 1323 15 20 0.26363966 
825 1381 14 18 0.25338456 
879 1306 14 17 0.18197949 
128 1281 53 79 0.16777542 
28 1412 13 17 0.1618989 
939 1330 13 17 0.15256225 
21 1307 31 44 0.14658132 
45 1349 14 19 0.1410567 
915 1223 15 17 0.1407032 
862 1364 14 18 0.14026524 
839 1307 12 14 0.13928492 
952 1361 16 23 0.12118404 
933 1368 15 17 0.098541155 
842 1375 16 20 0.09215173 
953 1402 23 30 0.08994133 
102 1259 99 126 0.089863256 
987 1427 15 19 0.088451855 
119 1378 14 18 0.086061284 
901 1350 14 21 0.084213525 
877 1307 25 33 0.08044939 
68 1478 13 16 0.07801814 
149 1431 14 18 0.07698072 
943 1225 12 15 0.07590292 
837 1324 14 18 0.07197924 
62 -7 354 396 0.06635411 
861 1291 104 137 0.061419368 
828 1352 15 17 0.059110146 
917 1379 16 20 0.05884434 
82 1496 15 18 0.057024594 
943 1281 41 60 0.056419972 
54 1307 15 19 0.05592919 
107 1282 17 21 0.054703385 
868 1386 14 20 0.054559615 
139 1364 17 21 0.05415479 
131 1344 14 17 0.053869534 
819 1372 13 18 0.051625833 
980 1227 13 16 0.050762318 
67 1295 15 17 0.050574515 
23 1395 11 14 0.050265327 
978 1270 19 23 0.050062057 
925 1370 15 19 0.050013874 
94 1312 16 19 0.049956873 
791 1146 212 256 0.0494843 
286 880 139 141 0.047191124 
941 1368 12 18 0.04679309 
970 1301 16 20 0.046194907 
854 1355 24 29 0.045646768 
508 117 392 443 0.04543427 
210 625 346 401 0.045270007 
122 1384 13 18 0.044629138 
983 1365 14 18 0.04445458 
884 1367 18 25 0.044060264 
19 11 148 163 0.04330017 
842 1301 13 15 0.04317261 
919 1292 91 123 0.042376246 
297 397 370 435 0.041930474 
893 1091 13 17 0.040982272 
41 1474 15 18 0.04036179 
107 1451 31 39 0.039533112 
909 1308 24 33 0.038940426 
854 1123 16 17 0.03857033 
68 1446 16 21 0.037942927 
690 105 362 430 0.037000444 
8 1335 27 37 0.03592308 
86 1485 13 16 0.035864484 
908 1292 25 33 0.03573804 
483 10 127 146 0.035393663 
864 1298 49 59 0.034918953 
158 1347 31 42 0.034486327 
325 993 384 446 0.034039997 
28 1430 33 38 0.033393636 
99 121 415 428 0.033071913 
998 1447 21 36 0.032790117 
122 1372 15 18 0.03267642 
796 181 29 34 0.032240152 
941 1262 26 37 0.032011595 
964 1337 45 61 0.03125687 
869 1332 24 30 0.03124179 
920 1385 18 21 0.030452594 
854 1355 13 16 0.030446475 
933 1338 14 18 0.030036394 
80 1388 13 17 0.02997217 
956 1435 26 38 0.02916441 
59 1305 26 32 0.029057818 
923 1322 13 17 0.0289534 
740 -19 231 263 0.028925452 
829 1364 12 15 0.02874986 
947 1258 15 20 0.028653447 
867 1358 13 18 0.028644184 
75 1330 13 18 0.028499883 
84 1338 26 38 0.028160445 
943 1316 51 67 0.027849702 
97 1338 17 21 0.027791023 
22 1414 23 33 0.027762895 
947 1290 18 22 0.027727284 
87 1478 11 15 0.027503425 
34 1463 25 32 0.027333796 
36 1375 14 17 0.027246147 
839 1294 11 14 0.027228704 
50 1338 14 21 0.027093552 
855 1364 14 18 0.026921257 
957 1349 14 19 0.026820382 
147 1326 49 76 0.026792906 
846 1366 23 33 0.026732372 
871 1098 12 15 0.026565522 
814 1366 13 16 0.026518509 
64 -35 223 289 0.02625549 
820 1281 98 128 0.026176227 
36 1430 17 20 0.025987634 
64 1277 113 148 0.025950553 
911 1297 15 19 0.025898166 
838 1315 14 19 0.025633987 
901 1085 12 15 0.025586497 
59 1298 17 22 0.025475128 
892 1405 13 16 0.025289679 
123 1394 15 19 0.025215877 
127 615 28 33 0.025099128 
12 1346 16 21 0.025057722 
934 1325 22 27 0.024988087 
982 1485 14 20 0.02485324 
977 1351 27 36 0.024533847 
670 -111 446 465 0.024090588 
582 16 137 150 0.024046548 
416 -73 232 257 0.023975551 
64 1472 23 28 0.023888709 
-14 1290 227 278 0.02381434 
948 1349 46 57 0.023574531 
846 1400 14 18 0.023551062 
829 1291 11 14 0.023543235 
944 1275 28 40 0.023237446 
819 140 30 32 0.023166612 
877 1077 12 15 0.023073966 
846 1293 12 15 0.02300601 
99 1306 15 22 0.023005618 
826 155 17 17 0.022987135 
157 1460 13 16 0.022964995 
113 1380 12 15 0.022957424 
335 -17 224 276 0.022871895 
26 1322 20 27 0.02282547 
824 1344 27 28 0.02253096 
979 1296 15 20 0.022365183 
138 1277 30 42 0.022355372 
77 1485 14 16 0.0223303 
823 1355 12 16 0.022328075 
126 1336 23 30 0.022246862 
172 580 14 15 0.022028435 
392 468 155 164 0.021957377 
939 1361 20 29 0.021800391 
653 984 31 37 0.02172196 
162 1284 33 46 0.021677421 
167 1369 16 19 0.021398315 
396 108 15 15 0.021246813 
844 641 222 264 0.021177813 
933 1474 15 17 0.021165397 
150 1410 13 16 0.021139963 
206 1459 29 37 0.021133123 
812 1375 124 136 0.020982109 
388 108 16 15 0.020777678 
966 1284 26 37 0.020658933 
789 720 365 457 0.020652538 
838 1365 11 15 0.020600578 
20 1400 21 29 0.020574369 
874 1342 15 18 0.02053705 
109 1403 13 19 0.020378193 
812 1314 11 13 0.020322574 
97 1295 26 36 0.02028516 
847 1123 14 15 0.020277493 
668 99 15 15 0.02025989 
854 1285 13 14 0.020141652 
571 -28 239 259 0.020069504 
