40_Gymnastics_Gymnastics_40_484
72
496 272 78 102 0.97634 
636 83 55 62 0.9081844 
47 447 222 274 0.84178627 
69 88 148 183 0.5588237 
982 190 40 53 0.4428115 
27 159 347 390 0.3645963 
121 462 243 307 0.32389703 
694 37 229 266 0.2891749 
22 103 253 298 0.25778753 
834 74 35 53 0.2422889 
853 426 188 235 0.24111457 
681 450 327 383 0.21510214 
524 113 352 377 0.18780354 
268 -60 326 371 0.18291274 
175 499 150 185 0.11204475 
-6 178 45 68 0.11113786 
788 204 51 62 0.0849922 
978 -4 39 50 0.08027971 
475 82 51 61 0.07193119 
734 53 144 160 0.06582508 
973 367 23 34 0.06291064 
482 211 30 52 0.058105323 
691 78 333 435 0.056329332 
-47 379 384 428 0.054874763 
828 570 19 23 0.051506404 
20 -12 233 270 0.05119408 
310 174 9 12 0.044282764 
976 703 33 35 0.042192813 
1 -1 44 47 0.038802613 
449 222 58 74 0.03752659 
813 213 32 45 0.037458237 
443 81 67 71 0.03663435 
266 121 101 129 0.0358453 
641 39 33 40 0.03530486 
77 309 150 157 0.0317573 
380 13 337 453 0.03164623 
518 704 27 28 0.030526103 
986 379 13 16 0.029892657 
751 148 136 157 0.029496657 
809 78 54 70 0.029229874 
184 425 343 419 0.029020015 
511 339 396 449 0.02757656 
585 268 55 65 0.026301544 
731 213 400 442 0.026080202 
416 230 52 64 0.025840608 
432 201 99 128 0.025328433 
783 705 27 28 0.025223738 
955 199 49 58 0.025000084 
300 177 55 69 0.024876041 
2 483 173 192 0.024494851 
708 171 205 249 0.023967963 
767 246 128 154 0.023903139 
285 157 58 71 0.023690894 
958 88 61 61 0.02346007 
804 227 34 50 0.023376577 
103 241 33 38 0.023343712 
864 700 31 32 0.022888731 
785 174 72 73 0.022685157 
529 18 208 273 0.022282977 
937 359 109 137 0.02222418 
547 274 130 136 0.021801125 
597 0 35 43 0.02177594 
425 -20 218 274 0.021646202 
917 292 109 124 0.021225028 
428 184 173 222 0.021087527 
414 237 25 33 0.020700414 
464 211 36 44 0.020693798 
689 595 17 19 0.020653116 
934 203 46 55 0.020532995 
9 308 32 40 0.020469435 
819 407 52 55 0.02033883 
854 500 13 18 0.020111 
