40_Gymnastics_Gymnastics_40_762
116
578 458 127 138 0.989609 
192 740 272 367 0.8386546 
728 1008 280 334 0.6258517 
483 903 53 62 0.49045348 
-31 1000 350 395 0.39498278 
311 596 224 263 0.33214843 
635 632 328 360 0.30768186 
747 907 244 279 0.23461033 
60 517 200 255 0.20259047 
216 609 360 391 0.20136678 
123 948 28 33 0.19832632 
122 1136 254 294 0.18141799 
448 913 318 401 0.17683955 
654 778 44 52 0.17104442 
473 535 333 409 0.16081779 
104 877 320 420 0.15898186 
512 175 230 248 0.15847655 
7 939 54 64 0.14251824 
257 840 332 393 0.13397747 
557 855 51 66 0.11927037 
-18 422 367 372 0.11790375 
-50 291 314 382 0.10154911 
-3 1121 45 63 0.09155258 
685 1131 328 364 0.0906632 
744 1117 52 72 0.08527234 
465 892 102 134 0.0848616 
681 754 347 386 0.08070895 
171 821 162 201 0.07499985 
216 1306 370 394 0.06750151 
665 1356 10 13 0.066961996 
-91 1173 370 449 0.06638359 
517 797 108 145 0.06345405 
769 609 283 329 0.061491013 
414 1271 376 390 0.061223153 
499 926 139 177 0.06064512 
681 324 325 402 0.06034381 
451 158 349 425 0.0559607 
781 828 31 44 0.05572478 
341 579 133 190 0.055097442 
471 872 237 272 0.054626215 
312 739 150 182 0.05433043 
973 1103 38 45 0.05111874 
4 818 49 64 0.050587494 
184 985 332 406 0.05017025 
289 74 140 131 0.049642153 
0 1285 48 75 0.04835843 
628 213 154 166 0.046069756 
582 480 351 377 0.04557581 
895 468 125 150 0.04544433 
335 319 183 214 0.045228213 
671 1332 10 13 0.044531956 
907 468 26 36 0.042634416 
64 1212 26 36 0.04221776 
725 1298 110 112 0.0418681 
506 707 321 412 0.040593326 
81 1175 370 443 0.037929587 
588 860 323 392 0.037807927 
466 789 208 243 0.037136953 
940 573 42 52 0.036831733 
-35 1248 123 145 0.036585804 
369 295 131 148 0.036571506 
409 949 34 48 0.03496564 
337 621 58 66 0.034588367 
814 629 23 29 0.033953223 
772 808 55 65 0.033596814 
289 1123 34 47 0.03359302 
1 975 55 68 0.033002928 
706 173 333 389 0.032392293 
24 620 389 431 0.0323558 
-3 927 112 137 0.031428903 
656 889 45 56 0.031183625 
563 169 136 176 0.029061703 
732 1250 368 422 0.029053897 
763 939 150 180 0.029049719 
18 869 127 147 0.028835421 
278 380 27 42 0.02877585 
386 132 15 17 0.027958753 
-16 1111 112 139 0.027675383 
-2 821 119 137 0.027383612 
702 821 51 58 0.02736542 
528 351 231 270 0.027107999 
569 1126 58 70 0.026934879 
155 321 28 38 0.026591403 
874 889 29 39 0.0265126 
564 481 215 249 0.025843106 
596 268 15 19 0.025782542 
255 772 150 188 0.025638478 
975 902 34 52 0.025157493 
183 1162 148 184 0.025140464 
604 938 55 67 0.02428169 
756 788 59 67 0.02426073 
19 1381 243 272 0.024102632 
575 680 147 174 0.023910254 
660 989 113 130 0.023740647 
682 1309 116 128 0.023720205 
-9 200 239 275 0.023696477 
764 803 19 22 0.02351634 
942 562 32 39 0.02288102 
433 764 51 63 0.022495827 
36 388 146 178 0.022391142 
507 300 15 14 0.022210058 
791 792 63 70 0.022064894 
158 1134 55 63 0.021909324 
963 474 53 78 0.021549545 
735 748 59 66 0.02129214 
966 613 49 67 0.021180235 
488 872 69 86 0.02111727 
-3 744 20 41 0.021029994 
748 1103 28 40 0.021009447 
365 114 15 16 0.020936722 
112 269 28 39 0.020892214 
926 600 109 143 0.020781556 
725 738 159 173 0.020726396 
808 1092 167 187 0.020660887 
-16 790 236 266 0.02047929 
381 137 15 18 0.020185228 
