40_Gymnastics_Gymnastics_40_48
108
27 421 15 20 0.5560259 
813 172 21 28 0.30288702 
198 280 13 20 0.15906253 
177 250 11 15 0.130221 
15 419 13 19 0.12087645 
190 268 12 15 0.08679525 
149 -3 208 258 0.08041768 
903 115 111 125 0.074837364 
208 260 11 14 0.07450192 
202 273 23 31 0.0659714 
161 261 11 14 0.06325584 
144 27 12 16 0.05749992 
117 353 104 127 0.05747857 
189 276 15 19 0.057259444 
34 419 15 20 0.056638718 
150 304 30 42 0.05438028 
470 90 49 59 0.054309636 
41 394 15 19 0.051982414 
163 189 109 125 0.050326917 
231 292 51 64 0.04609584 
0 428 11 16 0.04483646 
157 164 16 20 0.044778034 
186 291 22 33 0.042035088 
198 224 98 120 0.041659813 
144 298 23 40 0.040313646 
493 77 32 47 0.038195193 
164 276 15 18 0.038181897 
938 72 101 132 0.037390474 
789 196 22 32 0.03634143 
11 118 107 126 0.035852145 
176 258 11 14 0.035620235 
44 315 52 65 0.034061275 
827 265 35 35 0.033720903 
41 402 12 17 0.03369961 
808 172 14 19 0.03351452 
192 152 55 76 0.03341611 
596 124 49 63 0.03323781 
691 377 129 138 0.033089165 
825 177 15 19 0.0329691 
183 267 12 15 0.032630317 
38 413 13 17 0.032591987 
53 470 14 16 0.032397937 
506 72 14 19 0.032321185 
163 342 96 124 0.03218096 
150 174 30 42 0.030678213 
632 228 11 15 0.03050912 
187 502 17 20 0.030182302 
141 41 121 178 0.029674437 
136 283 21 41 0.029612772 
175 295 24 33 0.029586876 
207 278 90 117 0.029301109 
528 210 82 126 0.02920321 
155 158 24 34 0.02908249 
791 203 14 19 0.029077778 
324 31 125 164 0.02897973 
510 256 53 74 0.028403282 
-15 22 113 130 0.028158102 
324 503 14 18 0.027204191 
189 299 13 17 0.027087186 
284 140 135 147 0.026864432 
631 221 12 15 0.026843907 
420 91 17 23 0.02674392 
207 254 9 12 0.026194237 
59 476 13 15 0.026088247 
212 279 15 21 0.025951855 
87 49 104 141 0.02588534 
545 35 135 150 0.025812805 
630 235 12 15 0.025693478 
492 67 25 32 0.02538831 
564 196 96 136 0.02530666 
226 38 121 158 0.02523296 
968 142 8 11 0.02509433 
139 257 15 21 0.024962276 
419 82 27 36 0.024698686 
854 222 11 15 0.024584964 
92 396 106 126 0.024253733 
12 444 15 18 0.024210583 
196 269 12 16 0.024174877 
973 165 11 15 0.024132825 
31 361 51 64 0.023166593 
276 75 56 82 0.0228104 
491 235 88 120 0.022672234 
148 289 24 34 0.022512201 
147 196 31 43 0.022391234 
63 418 15 17 0.022278203 
-1 406 95 117 0.022252576 
232 209 100 115 0.02193089 
452 157 55 62 0.021913202 
180 299 14 20 0.021879202 
821 165 15 19 0.021793138 
3 435 13 15 0.021680523 
44 377 54 61 0.021638146 
198 261 10 13 0.021410739 
316 328 54 63 0.021333592 
-1 35 57 75 0.021214532 
808 279 56 65 0.021089057 
977 140 9 12 0.021010088 
604 209 94 130 0.020962464 
77 62 59 74 0.020959714 
179 270 24 29 0.020839194 
562 292 12 17 0.020828974 
491 62 95 112 0.020792961 
197 310 15 20 0.020681731 
159 265 14 18 0.020519823 
497 96 31 51 0.020369336 
106 268 25 32 0.020218357 
147 296 49 68 0.02007084 
19 414 17 21 0.020002292 
