40_Gymnastics_Gymnastics_40_389
38
478 523 161 188 0.99648654 
157 307 222 264 0.3642727 
501 1121 121 122 0.15782164 
-14 402 372 409 0.13853233 
571 924 349 421 0.13230711 
530 1131 70 76 0.10470786 
620 1116 155 153 0.07319147 
96 176 358 420 0.03994938 
634 806 238 295 0.038020093 
513 1232 159 183 0.03759509 
664 533 391 407 0.03624142 
72 898 376 427 0.035893183 
587 907 14 19 0.03458735 
591 931 53 65 0.034104418 
671 1137 343 375 0.032172386 
399 695 143 169 0.03187269 
770 1003 16 21 0.03113704 
-8 1052 402 460 0.030839363 
586 916 16 21 0.030708399 
613 971 49 63 0.03061645 
333 1174 159 184 0.030163005 
650 364 399 399 0.029979829 
491 853 119 143 0.027616194 
145 89 137 141 0.027498687 
276 1344 237 286 0.02719785 
167 166 13 16 0.025467446 
610 919 31 38 0.025296498 
671 1164 179 195 0.024594905 
523 1085 9 13 0.024502201 
399 432 307 379 0.023550965 
577 990 19 21 0.023297403 
23 742 392 402 0.022964677 
513 1109 9 13 0.02261021 
328 1259 147 175 0.022488039 
506 612 18 16 0.021454223 
527 948 54 67 0.021364104 
556 973 52 61 0.020765554 
756 1028 148 176 0.020011518 
