40_Gymnastics_Gymnastics_40_776
74
620 600 93 116 0.9915912 
315 847 107 121 0.9720125 
686 1206 347 367 0.25076368 
543 1108 96 95 0.20733096 
427 719 153 172 0.2024025 
883 962 52 60 0.15044834 
623 1237 140 149 0.10224126 
214 575 211 272 0.09989923 
349 79 113 147 0.09598105 
309 1238 370 425 0.089407966 
151 1152 374 385 0.08269864 
411 656 357 371 0.07296677 
328 901 81 91 0.062033657 
868 962 102 116 0.05085405 
260 779 173 205 0.048458338 
529 1052 110 122 0.047994293 
534 1130 126 124 0.046955224 
304 483 347 392 0.043691248 
676 1085 115 136 0.043216612 
333 28 189 249 0.041770384 
507 984 215 236 0.0412437 
885 963 29 41 0.041038204 
686 1076 194 235 0.041027993 
257 565 130 167 0.04031506 
311 557 114 150 0.04029405 
-45 952 238 320 0.039839376 
165 582 376 444 0.0398061 
540 203 379 440 0.039085258 
235 -79 371 394 0.036949843 
667 985 366 409 0.036103886 
161 381 220 255 0.035662644 
582 84 168 166 0.035579257 
916 1037 125 151 0.03544628 
10 63 166 161 0.034455515 
619 1397 145 146 0.031656004 
593 1111 100 115 0.031039715 
664 270 404 436 0.030879648 
861 967 144 198 0.029781112 
216 982 61 67 0.029339515 
41 995 357 437 0.029111093 
526 1186 136 158 0.02838832 
459 216 156 184 0.028256925 
508 1471 17 19 0.028077725 
302 907 16 22 0.027140649 
812 947 132 149 0.026144871 
343 869 43 57 0.025989374 
255 447 122 131 0.025887672 
466 1317 239 284 0.025722388 
250 98 132 148 0.025649011 
688 304 148 174 0.025585072 
349 238 418 448 0.024870947 
533 145 152 144 0.024827316 
885 1193 143 171 0.024764245 
430 902 369 422 0.024543684 
560 565 162 195 0.024046548 
614 1158 137 160 0.02365371 
554 284 162 170 0.02358072 
448 930 131 142 0.023368329 
191 955 115 130 0.023348171 
62 -156 417 479 0.022880243 
290 20 145 189 0.022583043 
-13 1164 144 175 0.02181848 
818 180 146 143 0.021576915 
145 282 128 190 0.021461185 
359 530 125 163 0.021441761 
894 139 128 133 0.021117937 
734 438 379 398 0.02092648 
533 959 130 157 0.020713115 
866 954 16 20 0.02057742 
453 1174 224 269 0.020556597 
314 -9 452 430 0.020493757 
406 1106 418 437 0.020460133 
398 794 174 178 0.020435844 
469 893 66 69 0.020327289 
