40_Gymnastics_Gymnastics_40_331
223
500 94 54 64 0.9554541 
745 177 18 21 0.528171 
785 408 18 23 0.35936475 
906 247 14 17 0.27945912 
851 410 14 19 0.27140987 
1005 301 16 21 0.20784771 
861 396 12 14 0.17200306 
72 409 142 165 0.16867842 
917 267 12 17 0.14685665 
637 364 29 37 0.124255754 
911 295 20 27 0.12282071 
706 158 18 20 0.10216182 
772 369 15 20 0.100867406 
973 334 17 21 0.09650395 
82 355 27 35 0.09289141 
701 368 17 21 0.08834707 
4 259 15 20 0.08651437 
819 280 12 17 0.0855893 
743 259 48 57 0.0850754 
1003 415 15 20 0.081801824 
797 287 14 18 0.07915145 
774 187 16 19 0.07851622 
838 243 12 14 0.07845853 
843 287 19 24 0.07667553 
771 466 16 18 0.07179141 
725 369 13 16 0.069798276 
965 11 53 59 0.068323255 
434 309 19 24 0.06671416 
970 248 41 57 0.06513143 
487 401 21 25 0.061058782 
803 287 14 19 0.05996514 
928 255 18 23 0.05983867 
934 384 90 129 0.058774155 
666 391 46 55 0.05836348 
85 243 11 14 0.057639457 
791 369 12 16 0.057560574 
683 364 16 17 0.057269815 
805 254 15 22 0.053549383 
239 352 13 17 0.052971892 
243 270 12 13 0.05141214 
684 320 17 20 0.051046718 
969 260 16 21 0.050689537 
753 183 15 17 0.050573066 
635 316 30 38 0.04960487 
19 242 12 16 0.04904363 
442 85 146 133 0.04828863 
717 442 14 18 0.047154367 
845 243 11 14 0.047072027 
757 226 15 17 0.04584744 
80 245 10 14 0.045664847 
716 391 23 29 0.044704467 
423 212 22 32 0.04391129 
724 417 16 20 0.043891203 
796 367 15 19 0.043866947 
880 278 19 22 0.043289356 
997 329 16 21 0.043286722 
791 257 25 35 0.043084063 
79 324 14 16 0.042768538 
1004 385 14 18 0.042491507 
420 361 14 17 0.041949667 
785 273 26 34 0.041944314 
869 264 29 34 0.04168405 
925 273 15 19 0.040244754 
838 281 15 20 0.039330587 
816 276 11 17 0.03918488 
51 244 17 18 0.03903731 
32 237 363 403 0.03760486 
205 359 14 18 0.036716543 
701 109 13 16 0.036622986 
19 359 232 264 0.03651826 
-100 113 384 396 0.036443725 
535 436 14 16 0.03617657 
857 401 15 19 0.035788946 
642 334 29 41 0.035779845 
955 6 16 19 0.0347399 
109 226 15 16 0.03355905 
759 233 14 19 0.033376466 
867 287 15 21 0.033315565 
826 256 18 21 0.032807954 
812 433 15 18 0.03269164 
797 266 15 19 0.0324243 
935 237 12 14 0.031975564 
829 244 14 15 0.03190588 
720 282 15 19 0.031827837 
885 244 12 16 0.031469047 
748 367 16 20 0.031348087 
795 274 15 19 0.030901307 
817 257 22 30 0.030850166 
78 253 13 16 0.030848712 
957 256 25 28 0.030637655 
80 337 50 64 0.030214932 
924 311 14 18 0.030172464 
847 406 14 17 0.029942922 
72 306 14 17 0.02970544 
877 245 14 16 0.02966261 
506 64 57 74 0.029338717 
30 267 15 20 0.029335631 
955 354 16 21 0.029143533 
286 174 224 244 0.029012935 
107 245 18 17 0.028811473 
197 356 13 17 0.028526334 
861 243 13 16 0.028394459 
854 243 12 15 0.028058529 
923 265 16 19 0.02780848 
580 114 15 20 0.02762961 
360 463 28 32 0.027573757 
36 260 15 18 0.027509214 
725 209 14 18 0.027383827 
812 391 16 18 0.027368706 
651 323 13 17 0.027362235 
791 281 14 20 0.027263576 
902 234 25 31 0.027257266 
717 411 13 17 0.027254565 
837 267 12 17 0.027108073 
795 415 15 20 0.027084792 
927 -2 59 59 0.026904508 
811 288 14 18 0.026674422 
712 413 10 13 0.02659022 
195 450 15 17 0.026584335 
734 238 25 30 0.0264517 
655 275 113 129 0.026360264 
855 391 11 14 0.026336495 
882 257 17 20 0.02624443 
140 375 17 21 0.026158534 
36 203 13 16 0.025855036 
762 248 16 21 0.025660334 
698 314 23 29 0.025503814 
205 389 14 16 0.025484249 
941 237 12 14 0.02545912 
554 77 31 47 0.025430182 
311 47 27 31 0.02520246 
716 210 13 18 0.025195556 
951 359 13 20 0.025095014 
780 235 14 18 0.02497193 
989 247 29 41 0.024966253 
936 331 12 16 0.024904706 
116 257 16 20 0.024807444 
466 39 109 125 0.024792913 
616 309 51 61 0.024710305 
24 367 35 43 0.024706025 
555 301 129 135 0.02458269 
788 234 13 18 0.024580328 
666 120 17 21 0.024431797 
730 450 17 19 0.02440141 
694 368 15 19 0.024385342 
695 376 26 35 0.024268584 
778 202 16 20 0.024258394 
51 233 18 21 0.02421809 
762 252 32 36 0.02411098 
845 415 15 19 0.024052035 
938 256 15 21 0.024008753 
768 196 13 18 0.023915725 
992 235 23 35 0.02387358 
742 436 14 15 0.02374859 
678 368 14 18 0.023700936 
846 266 12 16 0.023629034 
683 371 46 56 0.023512036 
483 415 36 37 0.023474624 
724 443 27 32 0.023274489 
147 308 14 16 0.023262868 
34 289 28 30 0.02315043 
731 372 12 14 0.02313796 
222 370 13 16 0.023136215 
56 338 13 19 0.023125716 
62 335 11 15 0.022979574 
711 205 12 16 0.02293554 
818 408 18 21 0.022909781 
565 50 15 21 0.022792496 
108 345 16 23 0.022764979 
186 442 24 31 0.022648653 
510 418 13 16 0.022592869 
759 244 14 20 0.02256173 
653 266 52 61 0.022420347 
709 443 14 18 0.022175593 
957 243 14 18 0.02215904 
943 358 12 15 0.022063557 
731 395 15 18 0.022030666 
988 240 13 17 0.021923544 
770 199 18 22 0.021907823 
655 379 112 126 0.02189353 
711 420 11 15 0.021854809 
210 363 14 15 0.021749632 
-9 506 48 59 0.021718137 
804 264 14 19 0.021716805 
638 185 106 121 0.021706222 
649 359 18 24 0.02157326 
948 236 50 57 0.021553643 
376 211 110 122 0.021461682 
715 121 15 18 0.021442875 
915 245 13 16 0.021428011 
760 401 158 164 0.02141466 
700 457 15 17 0.021336136 
669 311 54 62 0.021331385 
247 423 28 31 0.021323772 
813 234 15 18 0.0213037 
782 433 14 17 0.021272147 
932 244 14 18 0.021259865 
926 378 11 16 0.021223938 
654 112 15 19 0.021136712 
749 339 31 31 0.021134824 
789 206 12 15 0.021026174 
707 372 17 22 0.020775672 
934 228 11 14 0.020748854 
695 354 27 32 0.020707747 
74 274 15 17 0.020701384 
917 235 14 17 0.020669524 
755 385 16 19 0.02064754 
195 371 15 15 0.020642297 
924 236 13 15 0.020623466 
498 409 14 17 0.020592716 
237 379 14 15 0.020499825 
877 236 13 16 0.020497175 
370 467 29 32 0.020485766 
895 243 22 28 0.020409519 
404 225 18 20 0.020408545 
828 235 15 17 0.020355353 
820 234 15 18 0.020290699 
1004 341 17 23 0.0202848 
49 205 33 34 0.020193366 
266 8 31 37 0.02018218 
43 283 17 16 0.020172236 
541 87 32 42 0.020111185 
852 253 45 55 0.020071538 
