40_Gymnastics_Gymnastics_40_488
53
450 151 142 172 0.9979887 
660 497 339 371 0.29361287 
414 628 141 137 0.24984173 
671 1112 254 309 0.13134699 
653 831 379 424 0.10574118 
481 674 160 164 0.09980742 
92 513 370 425 0.087549254 
107 860 376 417 0.0784171 
0 313 26 38 0.071932845 
562 1100 260 307 0.067238905 
51 1016 370 422 0.06560987 
305 83 112 136 0.06039574 
520 1227 150 168 0.059792504 
732 492 148 173 0.055290785 
381 524 231 260 0.05282923 
370 289 345 403 0.051684953 
392 280 20 23 0.050863534 
810 89 178 239 0.05079631 
652 307 370 416 0.04787808 
686 -32 397 403 0.042254876 
220 1080 255 297 0.042228192 
713 1005 285 337 0.041853793 
173 690 16 16 0.036279045 
495 310 114 119 0.03550158 
311 440 383 431 0.03276498 
176 777 145 151 0.031666122 
744 547 162 199 0.030065915 
52 716 384 419 0.029470563 
669 625 464 457 0.029284552 
376 594 143 136 0.028940493 
339 443 15 17 0.028371546 
614 1517 11 14 0.027229238 
655 87 163 189 0.027154516 
-57 -63 399 458 0.027087657 
175 653 31 40 0.026399473 
338 451 17 16 0.026160426 
0 362 132 147 0.025539616 
456 419 169 184 0.02470541 
22 1121 251 293 0.024323072 
131 426 249 264 0.023136409 
768 1137 254 306 0.022967236 
602 979 281 318 0.022419473 
377 251 48 61 0.022256292 
332 443 32 32 0.022201624 
846 330 158 165 0.021892523 
509 653 15 17 0.02145238 
406 178 123 135 0.020787595 
476 227 120 163 0.020780627 
559 210 388 394 0.020499581 
243 59 219 241 0.020493193 
128 -52 425 468 0.0204377 
615 61 142 154 0.020212378 
707 163 26 36 0.020012615 
