40_Gymnastics_Gymnastics_40_115
33
222 177 62 97 0.98711246 
31 53 187 241 0.53416026 
381 46 247 285 0.35657007 
630 116 130 134 0.25271836 
790 75 205 234 0.20986585 
338 124 12 16 0.16316898 
422 502 160 171 0.066587575 
-9 271 391 409 0.06493577 
553 70 195 232 0.06306565 
708 3 335 386 0.0590708 
809 111 126 143 0.05075295 
812 403 53 56 0.05025438 
636 203 353 384 0.04761644 
-84 -23 343 395 0.046833932 
201 140 120 129 0.04592025 
-1 515 136 144 0.039702874 
458 26 318 357 0.036938857 
120 100 178 222 0.036925122 
398 873 50 58 0.028841535 
808 589 152 155 0.025614355 
357 381 409 412 0.0245807 
118 564 14 16 0.023841122 
454 142 12 15 0.02364489 
336 120 10 14 0.02350716 
808 89 23 28 0.02303247 
841 659 167 173 0.023012593 
217 507 148 155 0.022806788 
366 353 15 18 0.022730125 
1 651 30 42 0.022513272 
149 188 28 33 0.02238236 
64 623 139 146 0.022167087 
421 92 15 16 0.021378538 
364 875 53 59 0.02117254 
