40_Gymnastics_Gymnastics_40_596
78
563 192 126 145 0.9777704 
750 410 194 222 0.46147823 
593 157 175 220 0.32139313 
261 83 14 18 0.16695313 
578 471 140 163 0.12378604 
399 573 115 129 0.116153605 
117 303 15 18 0.08853255 
255 84 13 15 0.07836986 
848 88 176 251 0.0746242 
267 83 14 17 0.07151537 
668 317 373 405 0.0667178 
649 -4 349 417 0.06493034 
376 444 126 146 0.051640075 
919 77 133 205 0.04957282 
795 264 15 19 0.046466272 
664 225 134 169 0.04592981 
644 148 225 263 0.045263126 
376 500 193 226 0.04516512 
806 199 124 159 0.04227132 
814 270 40 46 0.040934823 
60 68 14 17 0.038480923 
531 69 30 42 0.037339292 
828 245 13 15 0.03624568 
300 235 15 20 0.034386214 
111 182 139 179 0.034324504 
107 185 13 16 0.03377128 
249 138 143 175 0.033590034 
760 478 28 34 0.032727834 
176 75 15 20 0.031884175 
246 84 12 16 0.031805493 
241 508 130 127 0.0308548 
919 296 110 125 0.02871842 
107 211 13 17 0.028306725 
299 50 121 144 0.028185764 
231 115 13 17 0.028083593 
56 45 118 130 0.02799689 
328 17 203 224 0.027890665 
45 339 12 15 0.027584074 
277 77 12 16 0.027091678 
623 -220 477 512 0.027020058 
34 74 400 450 0.027012484 
523 169 118 135 0.02690207 
111 305 27 31 0.02689688 
175 361 142 150 0.026714845 
533 347 346 403 0.026679376 
340 505 128 133 0.026605787 
685 410 138 153 0.026376482 
62 98 14 16 0.026257545 
308 387 14 16 0.025100576 
877 -5 211 232 0.02506132 
620 491 74 97 0.02481882 
110 92 13 15 0.02436384 
17 204 124 158 0.024308043 
108 196 11 15 0.02422919 
511 100 206 249 0.023967369 
268 108 15 17 0.023869159 
-8 356 118 153 0.02382937 
436 250 64 70 0.02370217 
53 620 13 14 0.023502812 
107 205 12 14 0.023500675 
40 93 118 137 0.022853376 
733 -114 239 289 0.022815496 
304 -63 369 436 0.022669801 
293 100 12 17 0.022215288 
109 218 14 16 0.02216659 
929 8 49 63 0.021918826 
276 83 13 17 0.021553565 
894 228 122 155 0.021353321 
261 404 64 70 0.02113841 
253 89 14 18 0.021060085 
178 334 27 27 0.021033954 
722 349 134 153 0.020831374 
768 339 55 65 0.020799324 
751 309 124 137 0.020792607 
141 146 204 278 0.02056202 
702 296 70 78 0.020324025 
61 629 29 32 0.020191588 
268 100 14 17 0.020163009 
