40_Gymnastics_Gymnastics_40_401
77
412 434 158 186 0.9973297 
964 1530 51 61 0.70734036 
683 670 356 361 0.4100354 
701 129 13 14 0.25627545 
278 1324 338 374 0.19270343 
92 712 340 382 0.17952698 
723 1411 229 251 0.14807543 
-7 1002 124 128 0.12813056 
-42 553 354 386 0.12720673 
146 859 132 146 0.115363 
45 1381 14 18 0.10623225 
528 1422 109 141 0.0909116 
762 1458 145 150 0.0621867 
690 204 65 76 0.06176354 
0 1228 361 395 0.059317656 
542 831 381 400 0.05794669 
654 1342 377 390 0.05781743 
661 494 344 384 0.051933687 
620 907 233 237 0.048020735 
139 1082 401 404 0.04695275 
93 71 369 409 0.046288352 
644 955 141 140 0.04354523 
18 1319 226 244 0.040006556 
585 1468 61 78 0.037500434 
878 856 143 142 0.037421703 
678 149 108 127 0.03713844 
45 1360 15 17 0.035019815 
821 1511 69 74 0.03472326 
310 1082 409 445 0.03450255 
987 273 31 38 0.034409713 
53 1362 12 14 0.033800524 
195 1239 278 356 0.03320028 
740 815 235 296 0.03204249 
687 926 379 428 0.031880952 
767 1488 29 38 0.030171793 
431 1365 221 260 0.028928934 
37 1372 24 31 0.02879798 
7 399 363 394 0.028473381 
-36 861 406 404 0.02840542 
426 239 32 35 0.028283248 
940 1510 91 100 0.028146321 
750 1093 145 150 0.027633827 
839 1439 202 234 0.027343066 
186 826 173 182 0.026767395 
217 410 56 60 0.026743729 
-83 1031 373 436 0.026488218 
-2 1492 48 65 0.026306916 
708 294 350 412 0.026221737 
-4 1125 147 175 0.026161255 
854 560 31 40 0.025535189 
4 1026 71 86 0.025070982 
763 1517 34 46 0.025061516 
386 500 26 29 0.024995046 
679 1338 59 69 0.02459964 
941 895 63 65 0.024520027 
537 1428 64 90 0.024225403 
67 180 146 153 0.023454683 
706 1118 135 147 0.023228053 
-33 930 133 146 0.023144623 
103 1532 124 136 0.02313029 
87 1486 243 275 0.023127683 
761 1488 60 66 0.022700107 
351 409 105 123 0.022424767 
739 852 30 36 0.02221231 
-32 1206 156 174 0.021721462 
112 549 351 404 0.021710176 
-13 1489 105 116 0.021380447 
860 1174 55 67 0.021071235 
-46 -58 430 445 0.020908065 
619 99 202 254 0.020816695 
342 165 390 427 0.02069286 
312 1176 58 64 0.020649036 
155 806 32 37 0.020622682 
582 1410 126 131 0.020494375 
718 378 154 166 0.02028134 
819 947 30 33 0.020265598 
972 391 28 34 0.020086696 
