40_Gymnastics_Gymnastics_40_566
50
463 157 62 81 0.9942755 
540 353 345 383 0.16197602 
584 257 45 58 0.06478051 
709 292 381 439 0.060334362 
74 239 27 37 0.059932478 
385 -6 201 256 0.055749457 
697 202 17 21 0.045857742 
112 544 131 137 0.044802804 
135 232 31 40 0.04168549 
35 158 59 73 0.041490596 
224 245 19 23 0.039588235 
440 109 102 132 0.03838807 
752 427 143 168 0.038156297 
783 218 30 42 0.037666965 
0 113 14 22 0.03654834 
1 250 36 56 0.034102343 
127 205 45 59 0.033424415 
46 259 363 449 0.03130411 
19 510 31 36 0.03107115 
616 248 227 281 0.030367346 
113 488 33 40 0.029552113 
12 14 34 35 0.028698225 
426 526 147 168 0.028094718 
807 592 21 29 0.027300987 
809 396 232 272 0.027230628 
251 69 141 159 0.026863208 
627 150 217 253 0.02676548 
571 176 28 37 0.025911016 
1 530 136 138 0.024957735 
593 617 18 20 0.024479639 
740 131 19 21 0.02427638 
195 164 14 18 0.023889564 
563 144 12 15 0.02358923 
189 380 164 193 0.023245621 
222 162 131 143 0.022954473 
377 36 141 158 0.022308586 
213 493 14 16 0.022212261 
379 461 14 15 0.022132268 
632 313 57 63 0.021953583 
494 153 399 421 0.021761045 
7 127 104 130 0.021270476 
578 191 29 34 0.021263992 
739 131 28 38 0.021156516 
696 630 22 29 0.02091595 
252 468 13 17 0.020830162 
690 0 136 152 0.020758506 
798 282 24 35 0.020564454 
445 1 117 162 0.020505358 
423 314 134 138 0.020235887 
321 199 49 59 0.020059131 
