40_Gymnastics_Gymnastics_40_175
66
563 184 64 89 0.9282945 
206 80 60 64 0.8575959 
443 324 58 82 0.5895573 
563 332 44 55 0.55591154 
647 339 56 80 0.3676478 
118 238 43 59 0.35700414 
231 60 60 69 0.33291936 
188 228 26 46 0.28409526 
547 170 55 76 0.18758836 
257 56 38 55 0.16468482 
425 322 100 125 0.08671566 
134 226 54 57 0.0803074 
528 308 47 59 0.07445336 
590 261 53 62 0.060878545 
688 334 101 122 0.056846384 
160 224 48 55 0.053757083 
662 368 59 75 0.052103445 
223 28 14 17 0.05124756 
200 234 17 24 0.050335668 
559 -32 378 413 0.045322504 
-11 419 107 119 0.044311587 
584 532 214 289 0.043004032 
467 313 61 70 0.03960842 
192 65 96 113 0.03902721 
623 292 111 122 0.03818867 
663 394 29 49 0.03686521 
502 309 33 54 0.03658136 
164 52 11 13 0.034627214 
136 252 31 46 0.034544606 
645 163 33 38 0.03358997 
394 297 183 202 0.032800153 
64 -17 103 133 0.032378573 
464 300 100 112 0.03153041 
641 167 49 56 0.030555978 
234 494 126 147 0.030276895 
720 429 53 69 0.029452136 
573 221 58 78 0.02902696 
702 282 144 166 0.02895835 
693 372 57 76 0.028274823 
4 -12 125 127 0.027868876 
149 22 177 190 0.027624734 
553 306 51 62 0.027114494 
728 358 112 134 0.026689488 
166 94 8 12 0.025583794 
611 329 32 40 0.025310012 
88 16 111 136 0.025078595 
609 184 57 71 0.024396565 
506 308 96 111 0.023708835 
264 86 31 44 0.023017492 
609 538 118 157 0.022668827 
645 166 19 24 0.022585843 
0 435 52 78 0.022154888 
732 373 60 80 0.022136848 
462 247 117 126 0.021909703 
654 355 102 121 0.021760607 
1 115 138 139 0.021753702 
576 338 50 59 0.021721916 
112 213 88 95 0.021394823 
224 24 10 13 0.0213034 
587 172 100 113 0.021237042 
294 367 133 126 0.021043936 
525 141 108 114 0.020967834 
-32 -74 236 276 0.020915352 
817 698 33 34 0.020811077 
570 506 15 16 0.020568762 
394 292 106 126 0.020497298 
