40_Gymnastics_Gymnastics_40_1043
69
880 426 19 24 0.91803145 
784 408 19 23 0.91036034 
555 418 15 20 0.8845915 
550 479 20 28 0.85478926 
341 425 20 23 0.80962336 
954 408 21 29 0.71678644 
841 454 16 19 0.24707872 
82 654 20 37 0.17535266 
56 658 24 36 0.13949707 
382 433 13 19 0.10447656 
846 437 11 13 0.09747928 
375 435 12 16 0.05631754 
571 459 13 14 0.05407405 
844 409 13 16 0.05181861 
832 48 11 11 0.04848764 
544 425 11 16 0.04298589 
365 539 52 71 0.04193265 
51 647 22 37 0.041014634 
353 428 14 18 0.038983975 
559 483 17 20 0.03848009 
394 533 126 140 0.03718618 
269 491 11 13 0.03544695 
89 663 15 22 0.03312663 
288 483 14 17 0.032643735 
67 663 31 37 0.032537747 
814 449 98 154 0.03214153 
100 644 14 19 0.031025646 
482 541 126 143 0.03086357 
891 551 119 138 0.030808026 
595 485 14 16 0.030530054 
247 443 12 14 0.030525208 
862 453 13 16 0.029987188 
185 631 57 66 0.029568918 
248 492 13 15 0.029376473 
902 459 14 19 0.02794129 
847 449 22 30 0.027667647 
240 45 10 12 0.027649892 
380 440 12 16 0.027586322 
325 407 103 137 0.027485605 
915 447 110 144 0.027393227 
368 469 9 12 0.026348442 
234 431 117 140 0.026136799 
397 485 14 16 0.02604945 
829 249 136 147 0.025422394 
828 452 24 31 0.024341939 
561 425 15 18 0.024217213 
533 428 11 15 0.024198849 
572 464 13 17 0.024009624 
757 428 13 15 0.023705766 
852 491 53 88 0.023571655 
342 470 88 135 0.023498705 
90 651 15 22 0.023239879 
834 51 13 14 0.022677558 
386 563 31 42 0.022281481 
387 430 13 16 0.021670148 
376 451 10 13 0.021655312 
224 -12 129 142 0.021475166 
869 426 23 26 0.021221114 
508 361 58 62 0.021030527 
330 548 116 134 0.020936025 
428 509 14 14 0.020534223 
564 450 21 27 0.020486468 
238 21 10 11 0.020462707 
364 485 12 15 0.020409144 
428 236 253 280 0.020336494 
844 380 13 14 0.020167062 
141 685 13 14 0.020148797 
868 545 31 46 0.02004741 
840 437 10 13 0.020018002 
