40_Gymnastics_Gymnastics_40_771
32
388 185 120 145 0.9991775 
0 502 55 84 0.25114495 
927 282 106 129 0.19583836 
25 481 64 79 0.18039699 
391 101 221 249 0.121105835 
660 359 394 420 0.0763807 
12 472 111 119 0.069585025 
441 383 131 131 0.06850865 
-5 86 357 404 0.055594176 
424 9 354 411 0.052179776 
580 25 365 404 0.04452993 
232 458 350 401 0.04313215 
962 279 62 89 0.03563856 
747 31 237 284 0.035162315 
870 259 190 197 0.034531694 
409 225 140 154 0.031521585 
988 451 33 41 0.029538743 
66 -28 376 412 0.028319113 
174 597 145 150 0.027306663 
327 621 152 145 0.026682163 
415 325 148 143 0.02471157 
629 -4 235 269 0.024040371 
940 218 16 18 0.024034023 
1004 375 14 16 0.023267595 
947 224 15 19 0.021768486 
136 470 62 66 0.021600323 
1012 374 11 16 0.020854887 
725 387 137 145 0.020831201 
250 609 149 149 0.020742783 
823 230 32 38 0.020506246 
434 383 28 34 0.020144055 
517 191 222 251 0.020070637 
