40_Gymnastics_Gymnastics_40_420
83
752 467 95 114 0.9949645 
589 412 93 110 0.993913 
242 194 62 82 0.99134177 
311 213 68 88 0.9903437 
162 174 68 88 0.98996466 
468 395 85 104 0.9704378 
399 325 82 104 0.9660651 
573 99 73 77 0.453146 
280 197 76 99 0.40153545 
334 488 59 74 0.3597827 
184 177 82 101 0.25414473 
841 -27 163 152 0.16842914 
383 288 53 65 0.15555641 
338 733 373 393 0.13069843 
818 -17 240 241 0.12151543 
-59 525 232 268 0.11349282 
656 645 134 192 0.09864888 
423 349 102 120 0.08982629 
346 223 66 74 0.083137356 
-24 483 145 197 0.077308275 
303 454 101 116 0.07472592 
-20 321 218 231 0.07448113 
260 526 43 53 0.07300595 
391 298 69 90 0.0674564 
-20 248 350 430 0.061667915 
115 84 178 211 0.061426762 
431 860 216 287 0.061041646 
178 511 47 62 0.053830724 
730 -84 397 383 0.052766934 
298 98 14 17 0.051258713 
316 108 15 17 0.045741733 
332 510 39 41 0.045695256 
961 428 11 14 0.043146722 
279 594 39 39 0.03778184 
602 1019 146 188 0.037597712 
528 89 113 123 0.03583957 
327 196 112 117 0.035681617 
107 697 17 17 0.03453727 
478 32 468 494 0.034162696 
886 389 124 129 0.03344827 
277 106 16 18 0.03321515 
516 906 352 379 0.03271202 
551 393 94 121 0.03176517 
478 909 128 193 0.031223401 
991 253 28 35 0.030035075 
218 633 392 413 0.029958572 
372 236 61 71 0.029883692 
321 886 247 287 0.02966953 
784 215 113 127 0.029287996 
222 411 120 149 0.02841285 
242 838 144 179 0.027730305 
767 258 55 58 0.027584277 
443 382 64 69 0.026889611 
438 114 129 134 0.02677593 
670 147 230 253 0.02668021 
574 79 229 256 0.026521003 
294 114 15 19 0.026309183 
750 236 101 113 0.026236746 
353 437 33 45 0.025484296 
374 79 150 160 0.02541178 
885 570 30 38 0.025357809 
647 136 134 141 0.025005111 
315 468 58 80 0.024936384 
272 122 16 18 0.024007844 
266 131 182 226 0.024007378 
709 194 106 125 0.023769548 
20 207 24 32 0.023622364 
809 120 64 64 0.022955691 
85 528 15 18 0.022849934 
871 787 122 138 0.02272079 
965 422 12 17 0.022650607 
505 397 93 117 0.022291712 
814 -21 106 106 0.022241844 
846 236 130 134 0.022114346 
173 492 14 19 0.021801747 
141 403 113 135 0.021712322 
387 220 58 65 0.021419672 
94 42 57 67 0.021206645 
7 123 127 142 0.020807968 
913 301 29 32 0.020663321 
297 107 15 18 0.020364737 
802 281 17 20 0.02027096 
777 264 30 35 0.02023348 
