40_Gymnastics_Gymnastics_40_593
281
300 184 47 57 0.99000657 
753 190 37 55 0.98055375 
171 261 43 54 0.9799658 
626 201 43 55 0.97200745 
838 254 42 53 0.97045666 
542 181 42 55 0.9577413 
935 295 43 54 0.944221 
35 245 47 53 0.9400154 
418 208 38 52 0.92329556 
71 284 38 55 0.9140738 
16 106 24 34 0.8627168 
98 39 20 25 0.8245614 
111 116 18 23 0.67872775 
166 137 20 26 0.6580235 
556 132 23 30 0.6541934 
111 449 19 22 0.6175988 
22 44 26 33 0.59934485 
140 231 21 32 0.5449042 
706 97 24 34 0.47145504 
868 193 15 22 0.46196958 
931 175 16 23 0.37604877 
47 254 50 65 0.3033994 
333 42 13 18 0.29803747 
91 163 23 28 0.29538485 
71 230 24 29 0.28377622 
411 112 29 38 0.25913 
636 18 25 37 0.24546076 
948 118 16 21 0.23556279 
520 20 9 14 0.21868438 
884 167 18 25 0.21630503 
944 256 21 25 0.18720216 
617 82 43 70 0.18114136 
510 33 11 15 0.17480464 
622 108 53 85 0.1616993 
229 254 19 25 0.1567669 
770 0 19 21 0.1512701 
910 27 16 22 0.14529663 
220 136 27 42 0.13611597 
22 309 11 15 0.1309442 
826 0 17 17 0.12668175 
361 19 16 22 0.12445825 
573 244 14 17 0.124036565 
839 34 19 24 0.121939175 
132 152 18 25 0.11977723 
71 159 17 21 0.11774508 
538 67 52 70 0.11418995 
850 379 17 19 0.11236244 
627 153 27 41 0.107527085 
146 11 42 52 0.09784778 
74 63 15 21 0.09777444 
81 180 33 39 0.097581126 
572 6 27 28 0.09560076 
772 172 28 41 0.093877785 
235 187 17 24 0.09294589 
597 13 15 22 0.092750505 
970 69 19 25 0.090918355 
363 32 15 19 0.090617545 
412 70 18 22 0.0903336 
458 90 12 16 0.08439617 
678 66 14 18 0.08411477 
229 104 17 21 0.08241739 
940 258 30 39 0.082193874 
697 4 19 22 0.08058854 
169 165 15 21 0.07860856 
958 6 15 18 0.07505376 
15 216 21 26 0.07265534 
997 32 26 50 0.07244548 
747 160 24 34 0.07180801 
954 90 15 18 0.07149313 
832 82 13 19 0.07119421 
747 55 18 24 0.07107321 
26 0 17 18 0.06997069 
793 102 19 26 0.06816246 
-2 69 10 16 0.066808715 
700 260 15 22 0.06651873 
504 33 12 15 0.06377208 
507 70 12 16 0.062500834 
658 67 14 16 0.062056646 
654 53 10 12 0.06066598 
280 17 17 23 0.060125265 
802 255 18 23 0.06002792 
923 213 18 23 0.055709053 
918 195 12 17 0.05533535 
523 33 90 116 0.05492286 
361 88 15 19 0.05326372 
707 117 19 25 0.051419508 
499 8 17 21 0.051135357 
825 202 16 20 0.050932635 
306 -2 15 16 0.050850403 
979 0 16 17 0.050359324 
506 82 12 17 0.05034651 
0 267 17 23 0.049633626 
6 353 15 20 0.0477941 
848 160 24 35 0.04774415 
235 297 45 59 0.046328105 
643 14 16 21 0.046263453 
524 66 13 18 0.045830145 
677 298 385 494 0.04505782 
222 170 24 37 0.044999734 
107 216 18 25 0.044698417 
62 223 24 33 0.04458363 
462 193 42 60 0.044543695 
782 251 13 18 0.04417058 
195 2 20 21 0.043819286 
507 12 14 17 0.04367941 
84 183 45 56 0.04363122 
587 7 23 29 0.04328719 
14 23 42 55 0.042686556 
291 0 18 18 0.04182386 
356 33 16 20 0.041625783 
398 116 13 17 0.041575067 
792 278 237 262 0.041271836 
447 86 11 13 0.04086948 
491 89 13 17 0.039230984 
356 69 14 17 0.03810295 
764 19 32 42 0.03753387 
532 199 28 38 0.037449848 
760 203 25 31 0.036993586 
531 208 16 20 0.03699135 
100 130 26 30 0.036583025 
966 101 16 19 0.036261592 
518 25 12 17 0.03623702 
422 9 28 40 0.035677433 
456 62 11 13 0.03532317 
159 26 24 30 0.03508731 
388 235 12 17 0.034981754 
316 15 19 24 0.0346306 
909 50 17 21 0.034383174 
397 81 52 71 0.03426571 
869 99 29 41 0.034249883 
616 4 19 22 0.034095123 
626 58 26 36 0.033310987 
842 -3 16 16 0.033252094 
149 259 27 39 0.033151068 
803 62 12 15 0.032924928 
461 63 11 13 0.0328163 
834 -1 17 19 0.03278948 
556 13 16 23 0.03270534 
718 -2 14 13 0.032596003 
483 106 18 21 0.032484494 
533 122 15 18 0.03218455 
924 195 14 17 0.032135725 
524 21 10 15 0.032096677 
471 76 10 13 0.03155707 
412 115 18 24 0.031398244 
339 140 26 39 0.031186765 
823 156 38 53 0.031132763 
233 34 17 20 0.031111283 
329 69 26 41 0.03081518 
701 185 14 20 0.030218752 
498 328 16 22 0.030187115 
957 95 16 21 0.029965464 
148 52 28 32 0.029734213 
911 33 49 62 0.02973141 
628 93 29 40 0.029521987 
51 12 25 35 0.0294606 
164 243 36 40 0.029292319 
867 45 15 18 0.029167932 
712 70 25 42 0.029112665 
443 78 20 29 0.029096799 
368 26 15 20 0.028775066 
39 286 30 40 0.028705297 
143 15 26 35 0.02863203 
805 160 45 61 0.028295184 
524 595 133 155 0.028277587 
274 556 119 136 0.028193904 
647 51 12 16 0.028072512 
414 7 24 35 0.027790934 
-6 67 17 34 0.027390039 
21 -2 28 31 0.027325734 
324 88 17 23 0.027185623 
691 8 28 37 0.027106449 
846 404 12 15 0.027050875 
267 122 95 130 0.027026892 
693 95 40 60 0.026994092 
358 13 15 19 0.026942378 
900 355 15 16 0.026793629 
596 80 29 41 0.026718728 
748 224 217 242 0.026704906 
79 295 23 30 0.0265357 
462 117 12 17 0.026500806 
396 528 113 131 0.026387827 
492 139 170 202 0.026248561 
62 219 15 20 0.026032193 
15 222 170 205 0.025923777 
961 202 16 21 0.025728201 
907 33 25 35 0.025722267 
100 448 24 29 0.025604848 
88 169 16 19 0.025413468 
550 113 43 61 0.025386842 
796 65 13 18 0.025347363 
885 18 23 32 0.02506205 
469 62 9 13 0.025049482 
77 474 13 17 0.024939168 
351 55 25 33 0.024927573 
615 90 29 43 0.024863988 
448 70 9 11 0.02472976 
341 103 12 19 0.02463289 
924 201 16 20 0.024537385 
456 96 12 18 0.024445303 
920 453 11 14 0.024406089 
494 36 12 15 0.02439502 
706 27 24 35 0.024370633 
580 42 31 40 0.02436498 
342 74 13 18 0.024210772 
971 44 46 60 0.024204949 
691 67 12 18 0.024131875 
847 426 14 17 0.024115803 
354 72 26 36 0.024007557 
439 82 12 16 0.023999022 
242 25 111 135 0.023998888 
1013 443 10 15 0.023970503 
478 77 10 13 0.02396232 
866 214 23 36 0.023788542 
525 26 12 16 0.023788521 
1 7 28 33 0.023712644 
463 76 21 31 0.023658073 
885 155 107 134 0.023607394 
337 46 44 60 0.02357061 
977 311 26 36 0.023384646 
341 163 30 43 0.023034576 
455 80 20 29 0.023003135 
908 85 16 20 0.022932792 
838 71 25 42 0.022738092 
859 348 13 16 0.02269322 
588 0 41 50 0.02235774 
543 12 22 30 0.022341017 
700 75 41 62 0.022231206 
10 325 14 21 0.022196788 
226 40 27 36 0.022195693 
949 184 15 20 0.02219292 
357 49 14 16 0.022093695 
634 64 16 20 0.02203319 
93 444 15 16 0.02196422 
484 85 20 31 0.021818794 
504 11 21 30 0.02175518 
42 118 16 21 0.021744708 
142 244 28 42 0.021695778 
270 490 13 17 0.021659773 
910 96 103 138 0.021653028 
719 143 48 62 0.021477535 
668 61 19 28 0.021418974 
493 42 12 15 0.021386737 
685 104 12 19 0.021349384 
534 19 24 35 0.021305187 
697 267 19 27 0.021270677 
431 82 11 16 0.021190181 
353 42 23 30 0.021102948 
446 78 10 14 0.02108126 
97 157 18 21 0.021029407 
242 88 14 19 0.020951226 
265 58 53 58 0.020899218 
1007 424 14 17 0.02082746 
8 57 13 18 0.020783935 
660 53 11 13 0.020745251 
534 27 13 17 0.020735215 
451 264 13 18 0.020673422 
849 602 134 149 0.020673046 
665 262 11 15 0.020672636 
877 378 15 17 0.02067058 
336 -2 90 131 0.020504283 
402 64 79 115 0.02047674 
337 87 14 20 0.02046815 
872 192 24 33 0.020463416 
194 101 18 19 0.020459488 
818 83 22 29 0.020433627 
474 159 49 67 0.02040066 
975 222 15 21 0.020390475 
602 22 15 20 0.020343037 
778 178 19 23 0.020328393 
625 29 28 31 0.020274628 
899 19 23 33 0.020265594 
381 96 15 18 0.020229394 
411 52 27 36 0.020203412 
501 43 11 14 0.020176573 
230 224 27 36 0.020151224 
695 46 28 39 0.020085063 
938 181 15 21 0.020075632 
634 100 17 22 0.020059222 
978 209 28 37 0.020035652 
616 369 252 390 0.020011075 
