40_Gymnastics_Gymnastics_40_422
688
375 258 110 133 0.47263977 
448 247 150 173 0.44072133 
892 462 15 19 0.38901272 
807 480 12 16 0.37617448 
507 526 12 14 0.34303093 
562 565 16 19 0.29670018 
916 658 12 15 0.27416557 
367 523 11 14 0.26796976 
782 474 13 15 0.24424508 
836 505 11 15 0.238064 
126 516 14 17 0.23745076 
-57 85 329 372 0.2248051 
266 474 15 18 0.21950215 
436 539 11 13 0.21717234 
531 465 13 17 0.21715377 
811 529 11 15 0.20738965 
836 556 11 13 0.20404868 
283 216 49 59 0.20395139 
445 514 13 16 0.19409072 
236 535 16 17 0.19249243 
463 556 13 16 0.18949778 
725 525 12 16 0.17656755 
704 476 11 14 0.17407136 
306 210 161 208 0.16876408 
860 493 11 13 0.16697448 
922 459 14 17 0.16188976 
358 519 13 15 0.15719922 
291 504 15 18 0.14709608 
670 421 12 15 0.14590622 
486 563 12 13 0.14481865 
545 472 14 17 0.14169411 
835 483 13 15 0.13233268 
782 545 11 14 0.1306392 
940 444 11 14 0.12893054 
774 450 12 15 0.1288437 
597 495 12 14 0.12860925 
613 532 11 14 0.12133884 
787 571 11 14 0.11738325 
4 536 13 16 0.11714205 
837 539 11 14 0.115788735 
509 482 18 22 0.11235952 
157 523 16 17 0.1078678 
63 437 13 16 0.10619738 
811 456 13 17 0.10481264 
707 531 12 15 0.104685806 
654 549 9 12 0.10440873 
820 655 11 14 0.103135705 
173 497 12 16 0.101703174 
269 307 12 14 0.10108334 
25 525 13 16 0.09760126 
806 576 9 11 0.09492928 
541 508 11 14 0.09466873 
890 523 14 17 0.09400278 
459 501 12 16 0.09167983 
493 547 12 15 0.09140695 
838 452 12 15 0.09039985 
569 464 23 29 0.09027141 
634 511 10 12 0.090074375 
774 517 13 16 0.08810998 
255 532 14 18 0.08684616 
545 538 10 14 0.08625214 
70 491 13 17 0.08446071 
915 474 13 16 0.08337449 
231 563 14 17 0.083269335 
495 509 10 12 0.08318629 
629 466 10 14 0.08220508 
536 501 11 15 0.08204312 
131 521 15 18 0.080662936 
263 546 12 17 0.08044217 
856 501 12 13 0.08011961 
508 420 12 14 0.07991926 
838 446 12 14 0.07829922 
992 289 26 29 0.077600114 
663 550 10 12 0.07756086 
585 564 12 15 0.07636676 
275 523 13 15 0.07527139 
461 476 14 16 0.074655905 
253 493 12 15 0.0745317 
398 297 64 85 0.07278383 
941 549 9 11 0.07244113 
558 522 10 13 0.072353855 
960 509 10 13 0.07222958 
735 428 13 15 0.07198405 
941 508 11 14 0.07189911 
881 515 24 31 0.071065865 
751 450 12 13 0.07023213 
246 515 12 14 0.070004374 
91 521 13 17 0.069830105 
789 498 15 19 0.06915881 
99 464 33 36 0.068499394 
916 456 22 29 0.06736754 
244 470 12 15 0.0658942 
148 477 14 17 0.065814644 
486 528 9 11 0.06500158 
260 536 14 19 0.0646506 
779 446 12 14 0.064351685 
488 531 10 13 0.064193025 
348 444 30 37 0.06417271 
51 483 13 17 0.06393651 
855 525 10 13 0.063581906 
151 536 23 30 0.0633604 
731 526 11 14 0.06291307 
491 562 12 15 0.0624564 
1008 651 10 13 0.061918724 
462 203 228 249 0.061606314 
338 555 16 19 0.06136053 
511 566 12 14 0.06134867 
884 438 11 12 0.061193176 
68 517 11 14 0.06020188 
925 517 13 14 0.05985378 
885 460 16 17 0.0598483 
760 499 10 12 0.059119586 
534 443 15 16 0.059078787 
63 532 12 14 0.0589794 
1013 515 10 15 0.05825181 
264 470 13 16 0.05808759 
734 455 9 11 0.0575362 
261 555 13 16 0.057452418 
881 549 11 15 0.057434656 
936 549 10 12 0.05728444 
409 270 125 144 0.056557503 
161 517 15 17 0.05568776 
846 420 11 13 0.055636253 
952 514 10 13 0.0540013 
921 428 9 12 0.053686105 
780 521 11 14 0.053414613 
381 502 11 13 0.053124316 
269 461 11 14 0.052487228 
268 548 13 17 0.052283477 
622 494 10 11 0.05210601 
572 533 10 14 0.051727198 
993 422 28 39 0.051024683 
34 546 13 15 0.050997537 
622 534 10 13 0.050958283 
303 434 14 18 0.05090107 
79 551 11 12 0.050053325 
453 509 12 15 0.049963556 
725 490 13 16 0.04936426 
69 510 10 13 0.049304187 
485 476 12 14 0.04901247 
159 509 13 16 0.048887305 
222 330 39 48 0.04876393 
293 494 14 17 0.048239652 
975 543 10 13 0.0479711 
316 537 13 15 0.047933444 
573 527 9 11 0.047750525 
924 523 14 15 0.04748429 
765 499 12 14 0.04744307 
515 572 14 16 0.047396194 
806 566 9 11 0.046809487 
356 446 16 20 0.04642593 
802 580 11 13 0.046331234 
61 539 12 13 0.04618182 
98 -18 240 282 0.04608828 
185 525 11 14 0.04602423 
821 515 14 16 0.045783743 
492 534 10 12 0.045646936 
480 532 9 12 0.04536222 
277 549 14 16 0.044627454 
863 488 11 13 0.04462084 
845 445 11 15 0.0444307 
812 274 133 137 0.043770824 
248 491 12 15 0.043681618 
214 499 13 16 0.043360583 
196 551 15 21 0.04332231 
316 465 109 130 0.043126293 
784 500 12 15 0.042996023 
422 541 10 12 0.04287119 
933 460 12 16 0.04279381 
926 429 11 12 0.042749975 
840 654 9 11 0.042684756 
940 451 11 14 0.042671118 
787 470 11 15 0.04264729 
814 518 13 16 0.04264555 
253 459 11 15 0.042602718 
854 558 10 12 0.042400576 
479 509 9 12 0.04228911 
542 515 12 16 0.04217758 
13 555 15 18 0.042109054 
605 509 10 11 0.04193665 
916 510 12 13 0.04191137 
333 518 12 14 0.041705564 
551 522 11 13 0.041666266 
540 566 12 15 0.04164606 
175 541 12 16 0.041379582 
597 549 10 12 0.041060098 
872 554 11 14 0.04103935 
907 461 21 29 0.04102457 
51 498 13 16 0.040813502 
333 548 14 18 0.040743347 
84 570 11 14 0.04069318 
535 539 8 12 0.04068559 
757 446 9 12 0.04066149 
157 458 14 17 0.04033032 
247 455 11 12 0.040317904 
873 415 9 11 0.040316112 
880 438 10 12 0.040190663 
543 572 11 13 0.04017884 
259 498 13 15 0.040161874 
705 33 342 395 0.040161792 
873 421 9 11 0.039959658 
243 536 14 18 0.03985072 
678 499 13 15 0.039786838 
870 490 11 13 0.03952218 
91 531 12 15 0.039489746 
572 396 115 129 0.0393922 
653 478 9 11 0.03918117 
805 559 9 12 0.03916589 
-32 34 207 261 0.03910765 
488 428 15 16 0.03895318 
831 477 13 16 0.038853183 
895 658 12 15 0.03876354 
152 533 14 18 0.038678996 
467 551 12 16 0.038566526 
107 461 118 143 0.038444683 
912 652 19 24 0.038385514 
592 262 143 149 0.038326032 
520 541 9 10 0.03802625 
401 336 137 152 0.038000666 
277 530 13 15 0.03782003 
271 453 11 12 0.03780134 
856 436 12 15 0.03778424 
246 459 12 15 0.03773938 
125 572 12 14 0.03773553 
966 460 11 14 0.03764039 
739 424 12 13 0.037603483 
755 536 14 17 0.037393834 
1015 486 8 12 0.03739166 
915 481 12 16 0.037149046 
887 430 9 11 0.03675937 
861 430 11 14 0.03675415 
69 531 11 14 0.036625568 
489 541 11 14 0.036548648 
854 444 12 14 0.036215644 
205 513 13 15 0.036186583 
-1 450 12 18 0.036176927 
223 483 13 15 0.036125775 
934 437 11 13 0.03611693 
559 494 11 12 0.036030553 
796 505 12 15 0.03598405 
976 525 9 11 0.035791133 
751 470 11 12 0.03572164 
358 436 24 32 0.03571137 
878 455 25 30 0.03558941 
454 473 23 28 0.03540574 
984 509 10 12 0.035391606 
104 541 11 12 0.0353898 
579 559 21 27 0.035385452 
93 538 10 13 0.035260007 
238 475 13 15 0.03520001 
308 55 27 33 0.03514216 
805 450 22 28 0.035133783 
309 536 15 16 0.035133366 
120 515 11 14 0.03512915 
636 516 10 12 0.035121247 
149 469 13 17 0.035063338 
822 523 11 15 0.035046656 
567 526 9 11 0.03499602 
814 446 12 14 0.034953162 
518 524 10 14 0.03494057 
179 466 14 16 0.034743674 
685 464 9 10 0.03460617 
609 425 110 127 0.0345667 
880 431 8 10 0.03450672 
503 518 12 14 0.03450433 
537 436 17 19 0.034444157 
789 539 11 14 0.03438583 
768 442 22 27 0.034373246 
349 122 27 35 0.034333147 
904 445 10 12 0.034214746 
479 477 11 14 0.03415225 
109 533 10 12 0.03411241 
86 507 12 15 0.034085955 
779 494 22 29 0.03397574 
607 477 11 12 0.033953886 
539 428 16 17 0.033754222 
333 524 13 14 0.033742778 
9 364 32 38 0.033707984 
533 451 15 19 0.033688296 
935 502 12 14 0.033641383 
462 461 12 16 0.033597182 
264 482 12 15 0.033303663 
326 421 11 13 0.033199202 
1008 510 9 11 0.033132866 
722 407 104 127 0.033021513 
615 518 10 12 0.03296892 
647 483 12 13 0.032853756 
476 555 21 27 0.03279275 
39 507 11 13 0.032695103 
889 413 9 12 0.032630783 
607 517 10 12 0.03259524 
590 525 10 13 0.032558747 
704 502 11 14 0.032452647 
918 513 14 16 0.032451168 
792 534 10 13 0.03242218 
799 429 11 15 0.03238295 
578 473 14 18 0.03232996 
81 502 24 29 0.032193754 
863 557 10 12 0.03211342 
678 541 8 11 0.03209977 
893 421 10 12 0.03204839 
328 549 11 14 0.032005243 
22 452 113 135 0.031978037 
213 505 12 18 0.031933613 
662 556 10 11 0.031910237 
277 450 13 16 0.031884238 
981 543 10 12 0.031841885 
805 466 14 17 0.031795997 
177 33 31 33 0.031739924 
709 482 11 14 0.031634063 
526 522 11 14 0.03155178 
624 477 8 11 0.03154712 
315 507 12 15 0.03149408 
135 420 15 18 0.03138948 
326 541 11 14 0.0312678 
836 489 14 16 0.031039668 
975 396 13 16 0.030969376 
791 435 25 31 0.030965887 
334 532 11 15 0.030920524 
111 33 344 420 0.030886328 
967 301 12 13 0.030840032 
720 520 20 28 0.030818375 
792 436 12 14 0.030756636 
855 506 11 14 0.03070765 
896 370 110 128 0.030700816 
894 429 9 11 0.030694777 
52 507 12 15 0.030638784 
862 655 9 11 0.030630447 
912 469 12 15 0.030567974 
274 517 12 15 0.030562842 
951 543 8 9 0.030542046 
263 461 11 13 0.030386234 
936 501 21 27 0.030246852 
55 459 12 14 0.030178506 
823 563 10 12 0.03008578 
219 476 25 33 0.030077167 
86 539 10 12 0.030004378 
817 566 8 11 0.029994102 
777 468 21 26 0.029991493 
302 570 12 15 0.029978871 
230 469 13 15 0.029907078 
976 519 8 10 0.029809672 
912 552 10 13 0.029787201 
245 484 13 17 0.029779052 
717 462 11 12 0.029759178 
95 110 25 33 0.029751807 
623 518 9 11 0.029655043 
679 463 10 11 0.029651908 
833 534 20 27 0.029646317 
959 502 12 15 0.02963533 
22 508 12 13 0.029595425 
133 497 12 16 0.02956639 
376 502 10 12 0.029532252 
925 540 11 14 0.029442262 
775 470 11 14 0.029325325 
453 495 22 27 0.029279971 
109 542 11 12 0.02922202 
614 478 10 11 0.029200697 
482 443 29 29 0.02919537 
296 558 10 15 0.029120792 
894 491 10 13 0.029080307 
491 457 15 20 0.029069504 
806 445 12 13 0.029063312 
860 452 11 12 0.02904162 
924 533 12 15 0.029034851 
654 554 10 13 0.029001452 
646 494 11 12 0.028915593 
590 463 11 13 0.028913552 
78 564 13 16 0.028838756 
639 503 10 13 0.028789952 
943 543 9 11 0.028765442 
966 656 11 12 0.028587064 
848 518 10 12 0.028564587 
3 465 26 36 0.028556505 
821 456 13 17 0.028503291 
933 431 10 12 0.028359832 
302 529 13 18 0.028356822 
593 517 23 29 0.028331166 
1011 646 11 15 0.028275073 
316 499 13 15 0.028189039 
838 438 11 14 0.028175438 
31 507 11 13 0.028170481 
782 493 14 15 0.028093707 
640 495 9 12 0.028084949 
238 545 14 15 0.028020311 
868 541 11 14 0.027968084 
926 403 111 126 0.027922038 
689 428 102 125 0.027900618 
822 477 11 13 0.027856784 
0 538 10 15 0.027849976 
149 458 13 17 0.027835086 
965 454 11 14 0.027783057 
799 540 10 13 0.027737908 
522 489 14 17 0.027717786 
184 431 11 13 0.027496237 
878 422 9 10 0.027425632 
858 654 9 11 0.02740567 
94 463 49 64 0.027340844 
609 525 11 14 0.027330432 
547 213 489 518 0.027315963 
486 552 20 28 0.027311025 
924 453 23 28 0.027275806 
726 461 9 11 0.027273407 
643 488 106 118 0.027243268 
623 487 9 11 0.02721083 
975 476 9 12 0.02712074 
669 518 10 11 0.027113315 
421 548 11 13 0.027070994 
585 549 10 13 0.027032375 
340 136 348 417 0.027011307 
728 455 9 12 0.026963664 
736 338 29 32 0.026934266 
645 501 11 12 0.026886981 
878 415 9 11 0.026830113 
645 423 11 13 0.026713023 
757 467 12 15 0.026689777 
540 557 11 14 0.026683297 
894 447 118 128 0.026678232 
458 549 22 27 0.026669757 
994 397 28 36 0.026642445 
167 499 13 16 0.026633365 
719 489 26 31 0.02658224 
559 501 12 13 0.026546028 
933 515 11 14 0.026541967 
854 550 9 12 0.026532693 
157 503 25 28 0.026472202 
536 565 11 14 0.026449673 
504 520 20 25 0.026431782 
1004 432 14 20 0.0264122 
370 408 124 139 0.026326343 
597 463 10 12 0.026324986 
926 655 10 13 0.026273655 
830 500 21 26 0.026261436 
441 507 23 29 0.026239684 
748 514 10 13 0.026177391 
860 524 12 15 0.026174886 
534 523 12 14 0.02611278 
30 469 12 14 0.026070062 
361 514 18 26 0.026038907 
1008 470 8 11 0.025949774 
984 484 10 11 0.025899395 
283 555 12 16 0.025856508 
927 435 11 13 0.025781967 
828 525 11 13 0.025725763 
493 114 342 385 0.025694301 
631 565 9 11 0.025666615 
289 490 23 29 0.02564031 
138 426 17 19 0.025636794 
827 473 22 26 0.025625058 
63 511 11 13 0.025617354 
510 460 12 15 0.025608994 
130 459 14 17 0.025493244 
456 483 13 14 0.025467137 
833 442 23 26 0.025442675 
565 423 11 13 0.025435174 
640 478 10 10 0.025433041 
1015 463 9 11 0.025420066 
805 433 11 15 0.025415236 
111 515 11 14 0.025400368 
230 466 24 29 0.025369896 
912 492 10 12 0.02536083 
606 452 11 13 0.025342133 
893 470 14 18 0.025322856 
48 490 13 15 0.025301104 
777 475 11 13 0.025296826 
541 422 13 15 0.025223807 
235 480 23 30 0.025203729 
317 492 13 15 0.025182446 
491 469 13 15 0.025173023 
847 575 9 12 0.025127277 
845 557 10 12 0.025121551 
1015 469 8 12 0.02510204 
324 253 477 498 0.025082467 
604 501 10 12 0.025072677 
639 232 148 166 0.025057858 
21 461 14 16 0.025022116 
180 444 14 18 0.025001321 
229 461 12 15 0.024945276 
535 516 12 15 0.024939353 
752 461 11 13 0.024928326 
819 494 24 31 0.024923548 
325 428 13 15 0.02487067 
431 547 11 12 0.024850242 
958 559 8 10 0.02484305 
599 507 11 13 0.024831276 
336 560 13 17 0.024739629 
646 532 9 12 0.024735657 
195 539 26 33 0.024730802 
730 420 22 27 0.024729734 
796 443 12 14 0.024704412 
782 565 21 25 0.024704108 
372 529 13 13 0.024693768 
821 499 14 17 0.024693672 
435 339 237 292 0.024650555 
530 517 22 30 0.02463979 
891 510 12 16 0.024630925 
831 550 12 16 0.024586739 
887 408 11 12 0.024575626 
9 539 12 15 0.024555288 
752 454 111 125 0.02454364 
407 448 28 32 0.024534777 
168 490 23 27 0.024525996 
61 433 20 28 0.024487758 
689 485 10 12 0.024424346 
743 451 11 13 0.024383822 
590 446 11 12 0.024373513 
583 445 11 13 0.0243384 
44 508 13 14 0.024338325 
573 478 16 18 0.024271302 
959 486 11 13 0.024269653 
780 480 14 16 0.024229996 
847 534 9 11 0.024190756 
590 548 12 14 0.024027353 
625 465 10 11 0.024022521 
487 300 146 156 0.024010116 
353 525 11 13 0.02400037 
294 550 11 14 0.023985287 
205 468 13 15 0.023948979 
301 559 9 12 0.023903053 
563 428 13 15 0.023834208 
860 443 11 15 0.02379581 
536 572 10 13 0.02372843 
557 452 13 15 0.023713233 
855 452 10 13 0.023635272 
387 502 10 12 0.023586724 
456 564 11 14 0.023574559 
808 519 12 14 0.02356946 
679 507 10 13 0.023562228 
593 489 21 25 0.023543004 
527 454 21 29 0.02352749 
773 457 12 15 0.023506397 
1 525 11 16 0.023463978 
234 224 26 30 0.023445714 
875 490 12 15 0.023435747 
529 541 9 11 0.023433128 
157 468 14 17 0.023371316 
702 468 21 26 0.023362083 
876 481 12 16 0.023359656 
479 453 28 31 0.023323318 
599 454 10 13 0.023309046 
814 438 11 12 0.023287263 
342 509 9 12 0.023207812 
-2 349 12 19 0.02320359 
295 568 11 15 0.02320203 
529 444 12 15 0.02314567 
152 453 24 27 0.023128727 
801 574 11 14 0.023106195 
537 309 62 68 0.023092857 
68 481 108 129 0.023090148 
878 443 12 13 0.023086 
896 556 10 13 0.023054926 
326 245 219 240 0.023047684 
840 648 9 11 0.023047045 
769 513 21 28 0.023017762 
544 437 113 130 0.023004837 
935 438 21 27 0.022999749 
821 508 22 28 0.022992047 
960 493 12 13 0.022974849 
915 264 126 138 0.022937806 
600 446 11 12 0.022892106 
585 558 10 14 0.022854598 
96 556 12 14 0.022843335 
453 454 108 123 0.02279043 
572 539 11 14 0.02277671 
893 407 12 13 0.022751627 
674 490 23 29 0.022748325 
-12 284 147 160 0.022739967 
1015 491 9 13 0.022688976 
889 421 9 11 0.022619726 
751 501 10 12 0.022609133 
681 504 59 63 0.022548556 
797 534 11 13 0.022547936 
413 -27 379 387 0.022535192 
919 435 9 12 0.022528997 
455 491 14 15 0.022526627 
223 527 11 13 0.022456529 
182 437 13 17 0.022450743 
24 355 146 163 0.022448294 
958 656 12 14 0.022432348 
677 117 17 18 0.022386229 
528 534 11 13 0.022369683 
207 487 27 35 0.02228589 
520 379 117 131 0.02227981 
772 510 14 17 0.022261025 
45 532 10 13 0.022212422 
593 499 11 14 0.022154694 
196 461 28 31 0.022101222 
790 443 12 14 0.022086166 
315 465 29 34 0.022070885 
855 427 22 28 0.022052085 
878 502 12 13 0.022045543 
782 396 104 128 0.022001045 
510 435 14 16 0.021969566 
550 493 11 12 0.021966059 
538 462 13 14 0.021920435 
472 509 9 12 0.02190366 
861 659 11 13 0.02186268 
771 500 13 16 0.021851905 
63 491 12 15 0.021764373 
21 524 20 26 0.021741914 
478 501 11 13 0.021739144 
566 519 10 11 0.021705588 
511 443 12 15 0.021681352 
616 486 9 11 0.021662118 
685 557 10 12 0.02165601 
720 491 11 14 0.021632496 
894 445 10 12 0.021587417 
767 509 13 14 0.021567928 
917 517 25 28 0.021536238 
455 456 24 33 0.021493584 
500 549 10 12 0.021492252 
173 459 26 29 0.02147956 
162 513 107 123 0.021458527 
831 435 11 14 0.021453457 
928 476 111 134 0.021445293 
885 554 11 14 0.021432394 
87 516 14 15 0.02141858 
251 399 119 136 0.021353545 
131 510 15 16 0.021349147 
341 198 13 16 0.021305064 
609 513 111 123 0.02128666 
852 494 20 27 0.021278843 
206 568 14 17 0.021262046 
480 526 10 12 0.021251993 
934 399 10 13 0.021220883 
565 547 13 15 0.02121643 
604 495 9 11 0.021209262 
300 566 10 13 0.021173362 
236 558 13 17 0.021157365 
548 535 10 13 0.021129236 
191 308 126 137 0.02112471 
103 508 12 14 0.02108253 
847 638 10 11 0.021055197 
618 494 9 11 0.021049026 
114 234 16 19 0.021020794 
-45 208 383 435 0.021012336 
665 538 59 61 0.021007832 
208 457 112 139 0.020990893 
295 526 12 15 0.020970808 
495 515 10 13 0.0209431 
684 508 11 12 0.020932017 
964 407 52 64 0.020931264 
672 319 232 282 0.020925252 
246 525 12 15 0.02090656 
583 438 11 13 0.020902712 
967 468 11 13 0.020902598 
311 454 24 33 0.020888593 
846 507 11 14 0.020878172 
743 471 9 10 0.020872343 
287 515 113 118 0.020870483 
743 476 10 12 0.020861248 
340 541 12 16 0.020847648 
893 456 13 16 0.020733854 
868 541 20 27 0.020729832 
872 444 10 12 0.020728875 
472 517 9 12 0.02071038 
853 414 11 13 0.020709177 
432 535 11 14 0.020660153 
951 471 9 12 0.020647625 
363 444 14 17 0.020613037 
181 566 13 15 0.02061174 
820 447 10 12 0.020608604 
961 444 10 14 0.020604344 
244 437 12 14 0.02059329 
489 426 29 28 0.020591363 
327 517 11 13 0.02053936 
846 565 11 12 0.020521779 
838 563 11 13 0.02051416 
35 499 21 29 0.02048355 
111 525 9 13 0.02042491 
62 459 11 14 0.020397728 
69 549 12 13 0.020355983 
598 525 10 12 0.020330107 
291 154 16 18 0.020329723 
655 511 8 11 0.020303054 
525 556 57 59 0.020272525 
467 471 12 15 0.02024096 
390 474 29 32 0.020224132 
1009 464 9 10 0.020218963 
14 498 26 31 0.02019959 
850 436 111 126 0.020185173 
387 484 107 121 0.020157695 
666 416 22 25 0.020137722 
63 629 10 12 0.02013448 
280 571 12 15 0.020117797 
357 511 12 14 0.02011245 
590 485 11 13 0.020073595 
278 508 11 16 0.020007716 
