40_Gymnastics_Gymnastics_40_197
114
482 514 139 150 0.98283654 
487 476 111 124 0.8986125 
516 1042 63 77 0.7008921 
98 838 56 67 0.6474415 
819 68 184 230 0.44032666 
147 509 45 59 0.4198003 
735 1404 266 311 0.36037347 
-2 1078 366 372 0.3546722 
-66 -33 334 366 0.3320719 
247 1146 54 77 0.29790723 
434 342 240 279 0.2178073 
285 1311 358 366 0.20556305 
688 383 339 354 0.17611048 
787 917 240 267 0.13881014 
186 423 163 197 0.13220531 
241 -51 392 372 0.12321138 
202 702 344 429 0.11767008 
632 1495 56 65 0.11105129 
691 719 349 394 0.09896865 
57 -8 340 415 0.09009432 
27 1472 94 132 0.0889262 
-8 494 365 428 0.08057233 
189 613 53 60 0.073038585 
650 14 386 388 0.07263025 
68 804 107 121 0.06628728 
189 1126 112 131 0.06574912 
484 1015 112 130 0.05860698 
804 480 179 204 0.05667139 
52 1159 166 182 0.05603796 
87 919 363 404 0.054816555 
598 1184 57 66 0.05396178 
466 281 341 415 0.053864114 
510 726 119 141 0.050743997 
614 1007 391 401 0.050127696 
537 582 371 438 0.049221605 
133 1259 383 391 0.048534777 
40 1401 113 166 0.046875373 
224 873 374 401 0.046433058 
86 273 366 405 0.045420535 
320 390 49 58 0.045273047 
10 769 129 135 0.045048088 
626 397 154 157 0.04411749 
94 404 24 31 0.04194591 
377 958 220 234 0.04173614 
831 1454 161 192 0.04125758 
815 1285 148 149 0.041196357 
474 1297 347 393 0.040703017 
79 1149 54 68 0.04060678 
-83 905 375 417 0.038472466 
566 1484 58 68 0.03817521 
-17 580 232 256 0.038173463 
580 1178 406 417 0.03801644 
626 991 152 163 0.036446143 
610 1476 95 103 0.035891023 
346 156 380 407 0.03491824 
334 689 58 70 0.0349114 
407 4 378 408 0.034389023 
450 1469 126 140 0.032712914 
110 208 26 35 0.032235652 
75 642 379 393 0.031685293 
-1 480 62 73 0.031683337 
878 137 153 185 0.031483512 
63 1454 133 147 0.03006508 
189 1379 161 196 0.02978512 
379 739 238 280 0.02934838 
554 865 350 388 0.028965544 
982 822 41 61 0.0288321 
855 958 148 161 0.02878888 
-7 1304 210 242 0.02876669 
8 302 120 138 0.028076414 
727 210 369 395 0.028061267 
282 800 152 190 0.027512696 
995 1275 28 48 0.027483236 
994 1540 25 37 0.027217608 
589 1489 58 69 0.027117142 
497 1515 62 69 0.027069971 
-79 106 372 422 0.026831856 
82 497 48 53 0.026598318 
101 1145 61 70 0.026592812 
722 1421 167 203 0.025330175 
91 639 28 42 0.025187014 
305 1018 417 403 0.024702286 
22 462 64 74 0.024635617 
403 668 146 159 0.02457626 
104 178 294 323 0.024176823 
165 59 384 425 0.02392977 
463 708 120 144 0.023837214 
-33 688 213 258 0.02375056 
974 247 48 75 0.023341376 
518 197 131 141 0.023298498 
488 693 204 229 0.023261288 
131 189 67 72 0.022996172 
-118 419 387 381 0.022921506 
593 1151 95 107 0.022410039 
850 196 29 39 0.022216221 
134 1137 141 157 0.022216026 
490 403 138 170 0.022173163 
906 253 132 154 0.022117907 
743 961 160 175 0.022053206 
967 1517 13 17 0.021982305 
671 1467 121 131 0.021783061 
351 740 130 137 0.021768384 
384 412 380 418 0.021766843 
610 543 26 41 0.0216917 
380 352 32 35 0.021395398 
430 459 126 145 0.021319602 
885 1512 15 18 0.021292677 
296 1507 65 80 0.021286491 
956 681 29 36 0.02116177 
630 154 30 35 0.020884447 
113 503 52 65 0.020804685 
629 701 138 151 0.020592075 
123 773 55 66 0.020464422 
248 1143 34 48 0.020005334 
