40_Gymnastics_Gymnastics_40_285
28
97 92 50 78 0.284089 
869 42 13 17 0.21254818 
797 396 65 72 0.18257634 
758 329 113 126 0.12444017 
-25 68 85 119 0.08410226 
229 209 390 415 0.081547245 
52 -1 14 17 0.039490204 
65 0 18 19 0.034941938 
46 -4 26 33 0.034009367 
462 382 142 147 0.032096248 
-1 83 44 83 0.03063481 
723 323 195 198 0.028934274 
865 -9 107 122 0.027775621 
988 206 31 35 0.027194312 
771 412 68 70 0.026894266 
778 -18 115 132 0.025690073 
841 243 30 34 0.0244605 
593 184 144 150 0.023970375 
886 165 12 14 0.022920469 
497 476 15 16 0.022386154 
865 38 11 15 0.02229374 
951 52 12 13 0.021883247 
107 181 55 69 0.021869635 
-26 51 179 217 0.021455996 
502 427 127 143 0.02064914 
562 94 499 461 0.020326007 
24 315 30 31 0.020059196 
104 66 60 82 0.020003118 
