40_Gymnastics_Gymnastics_40_659
42
483 215 36 49 0.99559635 
564 160 36 49 0.9942404 
673 180 37 51 0.9942074 
284 191 32 45 0.9941116 
411 185 32 43 0.9935861 
234 313 32 44 0.9917601 
352 314 38 51 0.9907906 
454 350 39 50 0.98989266 
412 480 47 58 0.9892179 
754 292 39 54 0.98608196 
613 324 43 54 0.96962357 
5 255 106 135 0.060861126 
686 62 11 14 0.05623379 
377 86 9 13 0.04030826 
468 99 13 15 0.037891943 
465 469 48 60 0.03725824 
380 105 14 17 0.035085507 
669 300 48 65 0.033943273 
-9 171 127 133 0.031412374 
683 322 52 61 0.031065295 
37 292 131 144 0.029385917 
-15 542 127 141 0.027623752 
126 253 13 14 0.02648426 
375 91 11 14 0.025990335 
208 94 10 11 0.025934244 
127 353 225 277 0.025489122 
596 389 16 22 0.02457443 
221 107 15 16 0.024330948 
680 61 11 15 0.024000335 
515 373 130 144 0.023989787 
727 42 54 69 0.02385821 
214 100 12 15 0.02335349 
381 92 10 13 0.023127256 
664 279 51 57 0.022587221 
724 133 30 41 0.022191802 
606 436 57 80 0.021646244 
68 636 15 15 0.021315211 
16 116 28 31 0.02088487 
788 323 33 39 0.020853855 
539 241 121 135 0.020406038 
708 427 125 141 0.020144388 
654 107 16 19 0.020005222 
