40_Gymnastics_Gymnastics_40_156
73
363 164 50 70 0.9882533 
481 667 48 69 0.9575374 
471 424 50 74 0.951679 
492 445 31 50 0.07572088 
461 352 102 124 0.07388243 
549 1142 376 427 0.070666686 
340 115 13 18 0.06910526 
452 61 382 433 0.059469335 
296 284 37 51 0.058525715 
445 404 88 109 0.056055542 
350 107 13 16 0.048766457 
457 653 56 81 0.0484866 
471 595 121 142 0.044385802 
413 672 12 17 0.044183016 
466 294 135 139 0.04305209 
830 985 163 172 0.041454773 
431 1061 150 153 0.040261846 
189 1107 427 420 0.03933362 
14 826 145 148 0.03785506 
810 464 149 156 0.036563545 
361 1093 457 423 0.03472353 
266 241 15 17 0.03468539 
423 826 106 131 0.033365786 
648 1041 440 453 0.032550577 
264 237 12 16 0.030694662 
446 658 16 20 0.03040238 
-137 1107 420 497 0.02965319 
849 137 164 167 0.02895542 
277 119 184 196 0.028828796 
830 -9 159 165 0.028820248 
-54 -43 371 411 0.028765284 
425 899 62 59 0.028720126 
341 135 85 113 0.028007528 
-10 474 139 145 0.0273006 
538 586 124 135 0.027151631 
238 1215 140 152 0.026304 
383 153 34 55 0.026170915 
527 -90 372 418 0.025168838 
615 1235 55 63 0.025095372 
346 114 15 17 0.024957903 
820 389 183 193 0.024662845 
812 882 150 157 0.024571236 
578 1051 143 148 0.024154728 
-3 210 163 175 0.023919929 
390 876 117 122 0.023506299 
-7 1219 143 148 0.023429055 
-10 1069 128 138 0.02306642 
460 372 15 15 0.022999465 
540 773 375 422 0.022615325 
829 629 154 158 0.022552004 
-1 531 146 155 0.022412086 
884 788 14 15 0.022258969 
224 257 112 136 0.02210962 
473 414 34 49 0.022036051 
803 583 139 148 0.02183883 
484 238 363 416 0.02182351 
653 1021 170 205 0.02169423 
822 295 166 176 0.021678703 
14 664 142 149 0.021538638 
506 375 18 21 0.021380384 
452 372 15 15 0.021354716 
749 1199 143 151 0.021309918 
877 780 30 30 0.021194087 
825 522 163 169 0.021188762 
420 672 13 18 0.02077979 
592 -8 177 204 0.020719584 
303 28 390 423 0.020530446 
541 469 13 15 0.02046099 
9 390 381 424 0.020431781 
542 461 12 14 0.020337937 
722 796 136 141 0.02025294 
-11 50 150 158 0.02012792 
884 780 14 15 0.020005984 
