40_Gymnastics_Gymnastics_40_260
162
194 524 33 47 0.9909127 
452 216 38 49 0.9732988 
999 589 27 44 0.7987194 
60 528 28 40 0.7812937 
346 282 43 57 0.69255877 
801 545 19 25 0.651699 
766 538 22 30 0.60555184 
904 554 20 29 0.4432795 
206 92 191 237 0.43349892 
626 669 9 12 0.22794706 
858 550 16 20 0.21007311 
673 666 14 17 0.18854415 
10 713 33 36 0.1539943 
548 646 10 13 0.14001447 
637 654 10 11 0.12526567 
910 729 13 15 0.12292216 
861 193 14 16 0.116671965 
655 631 9 11 0.11316789 
279 566 52 76 0.111855425 
837 187 14 16 0.1036842 
648 630 9 11 0.100986086 
444 480 52 69 0.09424291 
589 656 14 17 0.09020663 
624 692 11 16 0.085609086 
50 537 26 32 0.08047323 
914 555 16 23 0.079016425 
541 620 12 16 0.07033748 
631 664 9 12 0.070055574 
118 -2 357 398 0.0697668 
639 647 10 11 0.068898395 
893 540 13 17 0.06837548 
671 646 8 10 0.065983824 
606 661 9 11 0.06581201 
687 629 9 11 0.06328178 
545 605 11 13 0.062794 
543 614 11 15 0.06266405 
693 601 110 123 0.060358707 
657 661 9 12 0.059234735 
637 662 8 10 0.058363773 
605 655 9 11 0.058155224 
629 675 10 13 0.05804024 
957 587 12 15 0.05300953 
721 693 10 13 0.052844107 
895 550 38 54 0.051749613 
869 70 13 15 0.051324353 
582 679 10 13 0.04891749 
278 576 16 22 0.048131842 
261 547 100 113 0.04796735 
597 655 10 13 0.04714328 
550 637 10 14 0.04580532 
543 637 9 13 0.045251276 
695 629 10 12 0.043597396 
893 556 16 20 0.041906804 
638 678 11 13 0.041877802 
552 228 13 15 0.03951292 
681 623 9 11 0.03928516 
-46 46 198 258 0.037945136 
903 533 10 14 0.037437696 
836 64 17 19 0.037081596 
544 651 10 12 0.03634625 
518 288 113 132 0.036105927 
893 547 14 18 0.035476718 
228 579 28 42 0.035363246 
517 172 138 145 0.033858713 
550 621 11 14 0.03349905 
74 715 56 60 0.0332928 
-7 628 92 130 0.033188276 
662 655 9 12 0.033064216 
458 227 24 29 0.032872565 
864 653 12 16 0.032847077 
686 624 10 11 0.03277331 
686 639 9 10 0.03265278 
160 63 17 19 0.03237395 
765 533 14 19 0.03229705 
663 661 9 12 0.03213024 
720 687 10 14 0.031669647 
281 571 25 42 0.031615585 
-1 390 123 143 0.03129418 
557 646 10 12 0.031008707 
646 591 106 123 0.030899541 
681 630 8 10 0.030813739 
679 639 10 11 0.030312605 
696 655 10 12 0.029808996 
563 -1 17 17 0.02978413 
885 540 15 18 0.029575547 
527 635 11 15 0.02946476 
613 655 9 11 0.02912283 
662 631 9 12 0.029113216 
264 194 118 138 0.028308768 
317 279 43 63 0.028246328 
236 631 91 114 0.027900796 
550 627 12 15 0.027792472 
535 678 10 13 0.027741825 
647 638 9 12 0.027465291 
534 635 11 14 0.027441557 
703 221 367 451 0.027386397 
-62 -9 411 479 0.027295671 
964 725 12 15 0.027204366 
536 606 9 13 0.027155926 
583 648 25 28 0.026968427 
575 677 10 14 0.026928691 
380 628 15 18 0.02690924 
602 5 18 21 0.026900813 
26 639 53 83 0.026601367 
876 560 16 20 0.02618438 
535 628 12 16 0.025830721 
747 273 163 195 0.025770178 
310 267 14 18 0.025760835 
776 538 16 21 0.02568315 
614 663 10 11 0.025649212 
900 539 13 18 0.025645025 
922 555 12 18 0.025548583 
672 640 7 10 0.025393637 
745 -35 215 259 0.025298204 
143 452 12 14 0.025124352 
550 651 10 13 0.02508472 
71 535 19 25 0.024831472 
640 641 10 12 0.024454512 
790 577 16 20 0.024249643 
702 660 8 11 0.024234908 
819 124 29 31 0.024096927 
567 646 10 13 0.02407124 
802 529 118 139 0.024038833 
952 586 11 15 0.023979025 
615 647 9 10 0.023870312 
68 543 27 38 0.023800727 
467 712 34 40 0.023708196 
637 669 9 11 0.023593338 
600 605 104 119 0.023578234 
102 300 11 13 0.023316415 
703 637 10 11 0.023298522 
811 611 16 15 0.023252353 
570 632 103 112 0.023245266 
532 292 11 15 0.02299017 
671 632 8 10 0.022955427 
244 165 209 237 0.022873327 
622 681 19 27 0.022865986 
488 237 348 412 0.022615261 
486 322 110 147 0.022462541 
336 349 128 162 0.022413712 
335 298 111 126 0.022189908 
536 614 11 14 0.022150924 
-8 249 125 133 0.022140099 
828 132 14 16 0.022106845 
437 680 15 21 0.02204589 
637 683 12 17 0.022043396 
738 587 10 15 0.021898007 
959 595 11 14 0.021792294 
357 266 31 52 0.021625288 
237 250 14 16 0.021516148 
663 638 9 11 0.02128362 
756 378 137 155 0.021192452 
811 620 16 15 0.02103489 
819 619 17 16 0.020964043 
233 695 48 65 0.020960798 
786 538 22 32 0.02074524 
702 171 54 63 0.020507148 
656 637 8 11 0.020502022 
544 668 10 14 0.020449335 
780 627 31 34 0.020430356 
773 628 13 15 0.02019565 
198 717 12 14 0.020075187 
