40_Gymnastics_Gymnastics_40_273
74
485 58 32 44 0.99773574 
389 121 32 42 0.99667335 
317 68 29 41 0.9966169 
406 77 30 41 0.99540305 
754 64 30 43 0.995008 
822 57 31 41 0.99485576 
590 123 34 46 0.99461335 
671 71 31 43 0.99451387 
489 122 33 47 0.9944612 
691 122 35 49 0.9943752 
579 74 29 40 0.9943136 
200 121 32 46 0.9938591 
894 127 34 45 0.9923036 
97 110 37 47 0.99109906 
791 121 34 46 0.9905415 
232 65 27 36 0.99016726 
298 127 34 45 0.9897697 
146 67 29 39 0.98925275 
825 231 38 51 0.98459345 
670 247 36 48 0.9819536 
180 226 37 50 0.9762757 
484 258 37 52 0.97127694 
549 272 36 48 0.965221 
372 228 38 53 0.9522866 
757 295 56 72 0.19988899 
585 190 26 34 0.15363115 
646 215 27 39 0.12358842 
368 186 24 33 0.12119172 
536 229 35 47 0.0621179 
122 436 262 286 0.057212617 
845 113 27 34 0.05648909 
738 229 19 23 0.05293084 
255 259 109 110 0.05131119 
956 249 54 64 0.049678084 
625 430 245 317 0.048437294 
21 35 11 14 0.047754444 
274 285 68 65 0.043203257 
597 267 46 52 0.04281056 
723 250 98 118 0.03839396 
232 159 26 33 0.037541095 
657 217 18 25 0.03726628 
46 341 447 475 0.032459673 
663 218 27 35 0.03214459 
246 261 15 20 0.032025225 
219 59 14 17 0.03167321 
569 268 49 56 0.031058406 
213 59 13 16 0.030956542 
382 319 120 158 0.030395871 
526 337 460 486 0.028957237 
393 96 40 54 0.02790051 
593 195 31 38 0.027720818 
873 385 122 138 0.027601184 
938 187 16 17 0.02572074 
922 229 120 128 0.025516065 
445 241 16 21 0.02535465 
844 126 33 38 0.024617951 
206 490 255 302 0.024310458 
492 219 31 35 0.023804313 
424 135 26 33 0.023233743 
250 135 16 19 0.023118202 
758 257 56 65 0.023114813 
163 180 15 18 0.022972384 
865 129 15 17 0.022250406 
842 150 29 36 0.022202307 
577 175 30 41 0.021942751 
551 247 36 45 0.021665003 
61 358 13 14 0.021615263 
424 62 193 213 0.021342717 
389 444 240 298 0.021259915 
460 121 17 19 0.021106329 
964 379 15 16 0.021006742 
220 67 17 20 0.020843381 
918 336 113 154 0.020345245 
512 255 44 53 0.020151168 
