24_Soldier_Firing_Soldier_Firing_24_601
192
861 299 33 43 0.991055 
176 322 33 41 0.98764765 
297 319 25 37 0.98566103 
85 311 30 39 0.9765975 
392 305 31 42 0.97408956 
735 319 35 45 0.9677172 
472 302 32 41 0.9598962 
594 297 43 53 0.9133995 
979 293 14 18 0.871095 
24 327 14 19 0.8330528 
908 326 14 17 0.5945419 
237 493 23 29 0.42228106 
984 334 14 17 0.3652651 
0 339 11 16 0.1702795 
522 454 19 23 0.1382952 
310 288 29 35 0.13048728 
456 459 16 20 0.1110757 
542 472 22 31 0.110069335 
505 461 25 34 0.10920639 
475 465 14 17 0.09728293 
493 474 14 19 0.09251865 
909 308 12 15 0.084497 
364 501 14 17 0.083036005 
919 308 11 15 0.080575615 
921 470 16 19 0.07669052 
951 332 10 14 0.07663308 
430 470 14 20 0.07472837 
517 303 14 20 0.07265216 
495 469 22 33 0.06773747 
227 462 18 21 0.067091115 
44 347 11 16 0.06675893 
454 454 14 17 0.06553473 
943 302 9 12 0.06181935 
608 402 33 51 0.060414292 
325 293 385 434 0.059782155 
817 15 102 110 0.058203537 
935 449 15 18 0.057770494 
387 278 47 66 0.0561392 
828 330 15 20 0.055699367 
296 294 44 56 0.054532565 
403 466 26 36 0.050484058 
724 444 31 43 0.049290925 
481 416 29 36 0.04715722 
998 332 11 14 0.04662653 
33 483 16 19 0.04554389 
943 330 11 15 0.044592362 
944 284 107 140 0.0441286 
943 308 9 12 0.043790955 
715 621 107 119 0.043654796 
935 323 10 16 0.042617816 
211 293 16 17 0.042510502 
502 298 23 31 0.04243859 
11 543 121 132 0.04133022 
952 357 11 15 0.041121922 
960 327 9 12 0.040416487 
252 337 15 18 0.039299447 
936 301 9 12 0.038545918 
501 12 205 233 0.038510393 
389 253 11 15 0.037783735 
472 446 10 14 0.03716656 
966 325 9 14 0.036720306 
516 328 14 19 0.035997365 
-3 343 12 19 0.03592589 
207 305 25 35 0.035668038 
532 22 120 147 0.034823917 
471 474 12 16 0.034709968 
986 299 12 14 0.034541458 
479 292 400 462 0.033296157 
925 302 11 14 0.03318216 
108 302 27 31 0.032959253 
407 298 30 37 0.032631725 
967 317 10 14 0.032463875 
61 -84 393 422 0.032361735 
221 317 24 35 0.031908985 
418 288 26 35 0.031866506 
355 331 13 17 0.031837806 
631 300 31 43 0.03174387 
647 263 26 35 0.031387083 
958 331 11 15 0.03134038 
487 456 24 36 0.031197054 
140 308 12 16 0.031133888 
395 355 34 47 0.031104852 
521 295 23 32 0.030877767 
350 324 12 17 0.030776631 
541 419 236 307 0.030030144 
654 262 13 17 0.029638072 
488 300 26 35 0.029142536 
470 459 12 19 0.029062642 
502 150 103 119 0.028987125 
585 313 33 40 0.028943151 
382 354 13 17 0.028715897 
-3 190 51 56 0.028576117 
365 478 13 15 0.028151128 
802 241 104 117 0.027955716 
40 504 224 296 0.02791166 
984 321 22 30 0.027674036 
-3 298 412 460 0.027287295 
22 309 11 13 0.027131122 
511 287 23 36 0.02692008 
817 33 60 73 0.026916876 
43 354 14 19 0.026864143 
448 163 103 115 0.026755072 
1010 379 13 19 0.026730996 
572 255 97 105 0.026718441 
654 -72 417 442 0.026617201 
67 312 27 34 0.02658962 
452 139 29 36 0.026509192 
-1 309 96 128 0.026447244 
532 298 14 20 0.02633539 
849 275 54 69 0.026234826 
835 325 13 19 0.02616247 
491 586 118 127 0.02603866 
739 652 60 74 0.025895411 
667 305 17 22 0.025786523 
381 484 11 15 0.025717726 
342 278 23 31 0.025433393 
813 684 144 148 0.025367351 
366 379 234 277 0.025321143 
950 303 9 11 0.025296086 
975 275 11 14 0.025280256 
899 307 16 18 0.025200183 
486 475 14 18 0.025175596 
225 47 122 133 0.025001751 
944 367 104 119 0.024707744 
226 327 15 21 0.024706684 
940 317 10 14 0.024660023 
966 331 10 15 0.024656063 
988 434 30 33 0.02453103 
951 308 9 11 0.024528837 
320 325 16 19 0.024484675 
135 360 14 20 0.024483858 
815 234 55 70 0.024430225 
3 334 11 16 0.024395147 
810 -62 215 234 0.024329804 
680 242 12 16 0.02409597 
359 285 11 15 0.024052681 
468 645 165 159 0.02405221 
210 347 15 20 0.02405023 
627 267 28 33 0.02400692 
576 313 218 261 0.023952326 
-118 613 463 464 0.023900773 
905 304 18 29 0.023823136 
138 401 243 273 0.023714768 
19 388 241 283 0.023617392 
940 325 10 16 0.023595762 
671 265 28 40 0.023569932 
205 292 25 30 0.023566255 
364 493 14 17 0.023539832 
1007 348 11 13 0.023491943 
819 316 21 35 0.023195054 
815 149 223 271 0.023185816 
796 326 14 19 0.023183951 
1006 342 10 12 0.023168553 
332 339 16 20 0.022921976 
934 338 11 14 0.02292098 
253 584 140 155 0.022723421 
416 478 16 21 0.022618486 
144 468 14 18 0.022570826 
952 352 11 12 0.022526033 
560 332 13 17 0.022239437 
-2 329 17 30 0.022206707 
229 535 15 20 0.022148855 
500 282 26 32 0.022108968 
436 448 14 16 0.022084009 
389 312 21 24 0.022033405 
59 129 30 35 0.021999093 
823 335 14 19 0.021941965 
373 482 13 15 0.021872742 
616 292 34 46 0.021871401 
358 293 10 14 0.021822097 
935 330 11 15 0.021699341 
1012 260 12 18 0.021669958 
633 273 449 450 0.021587422 
548 206 29 39 0.021527333 
143 -3 259 252 0.021508457 
799 220 52 66 0.021339871 
899 311 116 143 0.02133357 
-58 -39 228 270 0.021239614 
54 323 13 17 0.021236705 
711 395 232 301 0.021228908 
416 314 25 34 0.02098544 
247 337 12 18 0.02085659 
995 180 28 43 0.020744529 
135 324 12 17 0.020615935 
21 28 133 138 0.020563733 
522 95 28 32 0.020496065 
645 181 13 15 0.020446585 
484 470 23 33 0.020414941 
1004 332 11 14 0.02040758 
382 456 14 18 0.020226782 
690 274 26 40 0.02015452 
979 420 31 34 0.0200242 
