24_Soldier_Firing_Soldier_Firing_24_431
219
231 133 48 68 0.95179725 
110 415 126 127 0.40578276 
181 90 92 119 0.38955337 
168 89 68 66 0.3415792 
712 472 18 21 0.2912141 
959 407 15 20 0.2863237 
88 276 126 134 0.21545555 
57 246 209 226 0.19231912 
642 478 118 119 0.17421423 
820 448 25 31 0.16951878 
562 467 18 21 0.1297248 
538 458 16 19 0.10982898 
853 233 12 16 0.10888836 
813 443 24 29 0.10155679 
112 299 75 75 0.10133244 
795 74 30 44 0.09734074 
866 188 110 128 0.09051856 
355 450 15 22 0.08346481 
459 190 15 18 0.08323409 
830 455 28 33 0.074506275 
636 132 15 18 0.07419255 
587 454 15 16 0.074033774 
806 253 15 17 0.07335081 
756 220 13 16 0.07266367 
909 93 12 16 0.07252802 
513 456 16 18 0.072320215 
708 63 16 20 0.06977695 
0 260 12 16 0.0652961 
702 458 27 33 0.06494638 
445 398 13 15 0.06396751 
243 114 50 74 0.06364841 
759 395 15 17 0.05885177 
-24 146 340 411 0.055027105 
939 410 13 17 0.05044403 
997 426 28 41 0.049818706 
371 421 16 18 0.048642587 
647 60 13 15 0.047521483 
263 189 119 145 0.04725845 
861 276 13 14 0.046054263 
796 223 13 15 0.046024457 
467 137 14 18 0.045504402 
213 94 55 76 0.044868965 
381 70 142 179 0.044818573 
466 190 13 16 0.044436596 
671 506 66 70 0.044259697 
491 404 23 30 0.042557754 
911 270 9 11 0.04199888 
692 473 12 17 0.041275702 
707 89 16 20 0.040748425 
922 407 27 31 0.040066976 
892 94 14 17 0.040013406 
563 452 15 18 0.03986961 
458 646 29 34 0.03970524 
911 262 8 11 0.039207272 
439 398 11 14 0.03908524 
667 90 15 17 0.039055757 
413 391 11 13 0.038694005 
547 467 14 18 0.037709866 
347 437 27 38 0.03762992 
851 86 58 61 0.037436195 
518 37 148 152 0.037425812 
876 285 11 12 0.037424933 
396 427 12 14 0.03689511 
721 76 28 37 0.03673912 
139 121 111 119 0.035414256 
870 278 10 13 0.034873728 
309 192 13 16 0.03471818 
547 489 30 32 0.034519807 
856 269 24 28 0.034500476 
887 262 7 9 0.03402855 
912 279 9 10 0.034018 
703 57 26 32 0.0339301 
854 221 13 16 0.033116624 
801 474 28 36 0.032445237 
151 435 76 80 0.032302346 
532 451 17 22 0.03218784 
951 286 9 11 0.031825032 
848 472 16 18 0.031704057 
798 294 29 31 0.031515457 
652 -1 136 158 0.03134924 
682 442 15 16 0.031212484 
877 93 30 40 0.031204656 
770 18 196 228 0.03083496 
380 205 14 16 0.030777177 
778 43 108 135 0.030730393 
852 226 20 30 0.03034779 
967 135 52 62 0.03001112 
821 206 106 124 0.029748613 
787 440 17 20 0.029684618 
224 110 227 258 0.029476924 
580 29 144 153 0.029434571 
902 94 13 16 0.029248342 
669 65 13 16 0.02861035 
403 445 13 17 0.02840028 
862 584 59 59 0.028314352 
514 165 12 13 0.028308544 
406 211 14 16 0.028223561 
974 294 11 14 0.027817436 
710 117 14 16 0.027789624 
727 389 13 13 0.027778246 
935 294 11 13 0.027544137 
291 140 34 39 0.027512105 
825 34 27 35 0.027379876 
291 194 16 18 0.027181763 
653 59 13 17 0.02707683 
415 396 10 13 0.026990136 
125 314 44 47 0.02692959 
845 568 56 60 0.026645618 
969 271 9 10 0.026497485 
825 294 25 27 0.026431086 
661 50 14 17 0.026402786 
96 111 231 250 0.026258484 
611 397 13 15 0.02613867 
129 207 31 40 0.026101379 
833 114 30 40 0.026008863 
263 443 134 149 0.025949283 
807 441 15 20 0.025946666 
718 405 11 14 0.02568887 
803 0 27 28 0.025617566 
752 468 13 16 0.025526768 
499 436 14 17 0.025472807 
210 102 34 47 0.025412768 
713 444 25 32 0.025372732 
569 473 16 18 0.025339384 
556 117 12 14 0.025300657 
917 287 10 12 0.025250558 
976 124 12 15 0.024898045 
723 475 13 18 0.024860827 
395 449 16 20 0.024815897 
564 478 16 19 0.024759352 
391 422 11 15 0.024758294 
503 190 12 15 0.024745084 
670 89 139 146 0.02469251 
909 472 57 63 0.024668537 
478 156 14 17 0.024606306 
436 421 12 15 0.024447065 
391 392 26 32 0.02438474 
229 -12 392 404 0.024332264 
614 547 24 29 0.024328096 
886 491 108 115 0.024314364 
513 461 19 23 0.024273794 
374 259 12 14 0.024256159 
592 419 212 203 0.024229258 
406 188 12 13 0.02421379 
716 122 13 15 0.024194257 
839 552 116 123 0.024178527 
892 374 14 16 0.024077093 
828 441 25 33 0.023903223 
461 170 14 16 0.02374594 
578 498 14 16 0.02374388 
808 288 27 30 0.023700861 
330 327 189 215 0.023670627 
806 484 30 38 0.023587124 
820 178 231 268 0.023550257 
485 445 27 39 0.023333954 
879 629 59 63 0.023252752 
904 271 8 11 0.023247981 
833 300 15 16 0.023203239 
569 260 28 32 0.023131145 
972 405 12 15 0.023114903 
708 62 30 42 0.023087747 
155 413 17 18 0.02307714 
974 271 9 10 0.023058115 
145 155 32 44 0.023036964 
910 293 11 13 0.023030842 
991 279 9 11 0.022969354 
336 272 30 35 0.0228003 
46 253 11 13 0.022686549 
986 456 18 22 0.022590687 
701 28 132 154 0.022576509 
133 66 107 129 0.022569139 
364 325 13 14 0.022516059 
6 128 117 130 0.022392672 
248 340 122 132 0.022372229 
11 400 128 124 0.022344127 
879 388 14 16 0.02217109 
646 118 11 12 0.022150142 
594 182 133 144 0.021931801 
650 338 445 412 0.021788174 
910 183 109 121 0.021785287 
479 402 12 15 0.02170638 
769 415 223 247 0.021617742 
634 121 24 30 0.021616312 
30 5 389 437 0.021574618 
824 115 14 18 0.021541009 
466 360 23 29 0.02138932 
726 141 13 16 0.021363994 
500 410 16 19 0.021185564 
952 280 10 11 0.021137215 
357 320 16 20 0.021115936 
57 165 28 35 0.02109827 
448 173 28 36 0.021046659 
784 63 54 66 0.021045785 
476 420 15 19 0.020961028 
675 497 15 17 0.020860394 
837 436 14 17 0.020831332 
503 158 12 14 0.020716412 
880 263 8 10 0.020699909 
463 557 144 153 0.020689705 
196 212 135 142 0.020656608 
403 -33 484 492 0.020620262 
630 397 10 12 0.020564655 
566 456 24 27 0.020498026 
437 8 126 139 0.020490201 
871 284 11 12 0.020460444 
943 479 56 63 0.02043825 
87 213 396 465 0.020379487 
316 190 11 14 0.02036029 
427 143 32 39 0.020342916 
163 64 157 197 0.020332342 
683 498 15 17 0.020309381 
172 412 70 77 0.020248039 
390 404 12 13 0.02022587 
451 397 14 16 0.02019851 
455 418 11 16 0.020155126 
273 94 34 45 0.020126615 
433 397 10 14 0.02011968 
661 59 14 18 0.020114012 
638 92 12 14 0.020104205 
