24_Soldier_Firing_Soldier_Firing_24_281
106
882 797 29 41 0.0922887 
465 153 24 32 0.08429419 
715 414 16 20 0.06470733 
702 248 112 116 0.0639393 
850 573 14 15 0.06272761 
733 109 27 33 0.06214071 
98 104 156 174 0.059833124 
684 47 233 246 0.057900604 
312 393 381 432 0.05638275 
884 582 13 18 0.055553004 
624 3 387 410 0.054407883 
495 274 381 408 0.05186848 
648 240 39 50 0.04819174 
164 403 15 18 0.047668204 
-61 36 384 437 0.046890188 
216 29 140 146 0.045545444 
265 716 34 43 0.043315146 
711 372 384 450 0.04292449 
973 253 26 35 0.040724017 
710 252 61 71 0.039242532 
173 403 14 16 0.038948897 
674 92 139 133 0.036941614 
543 449 398 432 0.034845863 
424 539 28 36 0.0345099 
326 434 14 18 0.034318797 
322 2 132 130 0.03378852 
506 78 142 142 0.0330194 
353 0 19 20 0.03257218 
969 382 57 63 0.03245246 
651 241 230 265 0.03239489 
203 399 16 18 0.032024954 
883 603 15 19 0.031479698 
521 458 158 158 0.030876752 
719 64 148 148 0.030663751 
334 85 33 38 0.030168694 
-1 427 13 20 0.029706694 
306 228 158 164 0.029476639 
50 573 35 45 0.02888428 
10 46 227 281 0.028152075 
138 384 392 426 0.027899604 
388 307 14 15 0.027602542 
0 791 22 33 0.027435 
244 682 63 64 0.026788414 
722 806 25 29 0.026715161 
52 701 37 43 0.026644321 
830 587 14 16 0.026626881 
666 725 59 68 0.026616646 
914 203 35 39 0.026562376 
366 215 29 38 0.026513783 
379 227 34 43 0.026342295 
191 276 24 32 0.0262331 
444 179 30 38 0.025944361 
-4 416 21 36 0.025613248 
211 513 30 36 0.025273582 
859 -16 58 58 0.025244698 
665 219 389 436 0.025155902 
628 295 156 170 0.02501254 
803 49 251 270 0.024945432 
221 424 14 17 0.024899673 
732 177 247 290 0.024875145 
189 418 13 15 0.024393829 
931 636 17 22 0.024341388 
828 162 226 252 0.0242631 
149 685 139 138 0.024262547 
-2 666 22 40 0.024128735 
425 108 376 437 0.023877759 
406 175 50 65 0.023856029 
245 498 130 139 0.02370388 
316 12 31 36 0.023637872 
341 278 163 167 0.023455787 
756 9 134 136 0.023376847 
245 422 13 14 0.023302177 
221 412 12 15 0.023283588 
753 139 37 45 0.02304978 
-87 -181 443 503 0.022816889 
462 156 18 20 0.02271085 
183 643 132 137 0.022632975 
793 77 156 157 0.022480095 
537 114 63 76 0.022140931 
43 484 28 34 0.022127088 
337 -178 483 485 0.022118991 
85 89 392 449 0.022099365 
40 762 56 64 0.022066096 
-56 227 431 455 0.021940365 
87 345 28 30 0.02194016 
908 224 131 132 0.02193408 
279 538 62 63 0.02191967 
42 29 32 35 0.021901723 
222 -45 229 242 0.021593112 
138 631 124 130 0.021505266 
865 575 26 32 0.021425022 
0 402 10 16 0.021201847 
36 57 29 32 0.021186529 
194 476 17 20 0.021182572 
445 227 155 148 0.021164898 
55 482 132 134 0.02105403 
450 129 115 124 0.020992534 
886 565 12 14 0.020958198 
114 355 139 162 0.020941373 
360 210 25 32 0.020867286 
884 292 16 17 0.020716075 
770 135 32 40 0.020645412 
232 211 396 442 0.02055793 
0 -51 242 253 0.020525604 
373 716 129 137 0.020505307 
203 171 135 139 0.020192077 
