24_Soldier_Firing_Soldier_Firing_24_887
73
608 531 88 104 0.8926655 
615 168 341 385 0.1710282 
671 963 176 287 0.08493735 
641 14 362 393 0.07844102 
-11 352 132 180 0.06887815 
756 776 47 58 0.06646674 
617 639 138 184 0.05103805 
478 -9 381 409 0.05092768 
709 707 105 121 0.040980257 
751 967 135 166 0.040090058 
671 756 63 73 0.038822796 
91 1120 131 134 0.035296652 
715 1024 241 265 0.03411027 
-1 923 115 128 0.033924554 
535 833 154 166 0.032863364 
278 980 32 45 0.032604072 
523 693 14 16 0.03239224 
261 892 31 41 0.031421646 
220 436 128 141 0.030951248 
400 708 107 126 0.03071553 
124 1049 62 65 0.029927988 
733 698 50 73 0.028091567 
424 669 117 134 0.027859777 
595 1053 432 451 0.027593445 
284 965 29 41 0.026907131 
235 1023 44 51 0.026756315 
939 1064 32 39 0.026518535 
450 416 25 29 0.026327 
409 957 34 40 0.026023977 
445 665 352 400 0.025834031 
613 1206 123 143 0.02581051 
-44 -123 448 480 0.025348835 
540 274 347 420 0.025281243 
914 1030 34 39 0.025252625 
472 521 126 133 0.024849633 
174 1092 129 131 0.024725882 
464 633 130 148 0.024671135 
522 568 58 62 0.024607198 
358 934 116 130 0.024482595 
-6 1060 383 425 0.0243384 
181 861 113 123 0.024081687 
596 863 362 413 0.024009451 
868 563 126 137 0.023891632 
92 1012 126 128 0.023861604 
768 541 142 158 0.023541514 
672 674 114 133 0.023512652 
306 925 29 33 0.023336766 
-29 339 216 281 0.022911318 
362 660 222 261 0.022782827 
764 607 127 152 0.022460686 
452 1143 227 292 0.022322692 
924 1174 31 36 0.022284279 
676 516 30 43 0.022229904 
250 934 27 34 0.022020921 
118 79 409 440 0.02190599 
63 655 223 277 0.021815926 
233 910 27 37 0.021808151 
385 777 132 142 0.021755593 
230 1022 437 485 0.021461496 
58 694 144 178 0.02123277 
262 722 17 21 0.021168182 
505 590 140 148 0.021075627 
261 -44 476 469 0.020862017 
984 1048 32 36 0.020777725 
652 1164 242 256 0.02055321 
596 566 137 178 0.020551344 
454 1487 26 30 0.020491203 
904 1142 62 65 0.020380203 
678 593 131 151 0.020355133 
741 1468 31 33 0.020325506 
374 30 81 118 0.020244198 
465 943 38 42 0.020193297 
445 775 138 159 0.020083308 
