24_Soldier_Firing_Soldier_Firing_24_824
34
178 242 374 461 0.9508404 
328 259 323 368 0.82837933 
332 83 340 388 0.3430142 
753 283 107 130 0.17648047 
882 242 18 19 0.16213545 
795 123 54 74 0.09176958 
786 207 122 145 0.08743916 
441 182 328 399 0.065195516 
729 128 64 85 0.06049071 
766 146 61 82 0.052946337 
482 77 232 282 0.05151568 
805 267 72 91 0.046429485 
748 62 25 29 0.04626713 
800 104 96 132 0.044598572 
1011 322 15 19 0.044192806 
970 319 26 31 0.040982287 
775 143 113 155 0.040280357 
848 -19 140 158 0.035632346 
725 217 184 224 0.03556796 
718 65 16 18 0.0281812 
1006 171 17 19 0.027123205 
1001 243 21 31 0.026476031 
259 82 272 293 0.025710052 
711 163 64 85 0.024929844 
769 322 66 79 0.024195684 
803 61 24 29 0.02402648 
60 322 349 437 0.023414847 
772 167 35 50 0.023393262 
93 125 147 149 0.021054756 
817 271 40 59 0.020947726 
747 98 111 120 0.020818472 
982 638 31 30 0.020713575 
809 163 33 48 0.020387348 
278 458 29 34 0.020295667 
