24_Soldier_Firing_Soldier_Firing_24_254
55
134 73 108 137 0.6327232 
316 241 28 40 0.20483387 
169 106 67 87 0.1591248 
768 32 193 237 0.12919405 
301 233 47 65 0.11542833 
34 286 152 186 0.085202314 
228 235 48 51 0.08391069 
88 222 170 156 0.07986183 
92 89 200 219 0.079461016 
183 73 87 121 0.06379025 
776 225 167 207 0.05892822 
113 84 77 83 0.053237323 
892 58 17 20 0.051879395 
918 73 13 16 0.045706443 
270 75 12 17 0.044385355 
288 210 30 43 0.043730862 
219 78 55 83 0.042763706 
163 226 51 61 0.041097425 
382 122 202 243 0.03980861 
321 245 19 23 0.037627805 
238 237 16 20 0.034917362 
558 249 30 35 0.03403874 
826 49 133 136 0.03367156 
299 -19 450 488 0.033409607 
251 214 102 122 0.03339082 
182 226 27 36 0.033220563 
1 38 378 435 0.0325325 
276 76 10 14 0.030205773 
662 -95 397 441 0.029865742 
884 97 16 19 0.02946688 
135 207 106 120 0.028988656 
918 64 11 13 0.028373454 
912 107 29 35 0.0258662 
258 211 50 58 0.025527112 
256 63 26 33 0.024912518 
398 70 26 31 0.024757313 
206 245 59 61 0.024564328 
188 226 16 23 0.024175473 
223 93 90 118 0.02372628 
194 233 14 21 0.023690518 
635 281 57 62 0.023484375 
237 280 34 46 0.023114726 
62 170 151 159 0.02306957 
278 222 53 69 0.023050195 
603 244 119 129 0.022987844 
871 324 12 14 0.022651099 
240 97 33 48 0.022546874 
34 407 14 18 0.022030648 
296 197 27 39 0.021713207 
143 175 208 240 0.020816106 
268 116 201 237 0.020729 
67 265 17 17 0.02067086 
397 196 130 135 0.020505434 
274 77 136 153 0.020320095 
150 135 102 125 0.020278767 
