24_Soldier_Firing_Soldier_Firing_24_703
85
486 0 66 79 0.9801318 
234 44 76 103 0.97780377 
350 57 71 86 0.9697794 
647 50 54 64 0.9280881 
799 122 181 238 0.30755934 
504 83 128 138 0.25164774 
336 440 50 59 0.17970076 
622 27 92 100 0.12583472 
758 646 51 79 0.11841043 
337 134 207 267 0.11467073 
275 6 346 428 0.10896922 
49 69 135 148 0.08627943 
29 37 210 258 0.08588102 
125 145 32 40 0.08492457 
283 45 83 117 0.08336692 
356 180 133 162 0.062939145 
136 103 110 142 0.05706346 
118 138 56 65 0.054391347 
-25 13 359 381 0.05416799 
12 447 136 145 0.05303175 
174 130 106 154 0.05152314 
52 350 15 18 0.050240546 
475 -1 16 16 0.046987727 
146 292 13 15 0.04575676 
711 587 116 168 0.043943297 
62 614 126 135 0.04295807 
198 162 64 85 0.042817507 
10 314 91 110 0.04252002 
288 284 40 63 0.0424227 
825 68 131 187 0.041153774 
534 36 179 217 0.041153546 
701 468 128 175 0.04067801 
696 319 128 176 0.03853585 
452 -7 98 132 0.03709309 
529 96 70 88 0.036723357 
174 223 52 60 0.036544614 
570 55 120 123 0.035206616 
7 447 251 287 0.033349227 
122 191 17 22 0.03311102 
194 205 59 76 0.032231778 
182 63 105 152 0.032219682 
167 236 34 47 0.031857133 
661 556 209 255 0.03153989 
361 255 133 160 0.031248733 
315 424 48 67 0.031235753 
434 420 145 199 0.031055752 
314 393 33 48 0.028759377 
361 140 420 474 0.028255375 
623 563 32 46 0.027934136 
744 36 57 65 0.027826985 
755 173 132 184 0.027497495 
132 340 14 17 0.027476054 
661 17 401 476 0.026588257 
810 401 134 138 0.026494827 
340 660 32 36 0.026155317 
589 160 31 42 0.025888555 
548 651 49 67 0.025060622 
46 493 130 164 0.024899235 
639 327 388 430 0.024788206 
101 227 104 130 0.024727605 
336 415 124 133 0.024442881 
746 674 57 73 0.024142917 
552 691 58 68 0.024041748 
130 114 62 77 0.023652906 
63 227 12 16 0.023422629 
445 589 95 118 0.023408988 
28 349 115 124 0.023396246 
487 46 112 134 0.023367172 
252 660 32 42 0.023131127 
23 354 12 15 0.023122743 
601 658 54 68 0.02299878 
630 320 138 165 0.02279656 
523 648 109 126 0.022544459 
60 164 219 255 0.02230659 
27 456 59 65 0.022271344 
143 269 140 176 0.022147695 
501 31 43 49 0.021521674 
403 470 31 38 0.021505557 
192 134 53 80 0.02075931 
140 159 57 71 0.020395154 
16 29 52 58 0.02032199 
244 54 50 60 0.020275243 
225 121 61 78 0.020265775 
396 45 33 52 0.020242905 
540 135 74 75 0.0201081 
