24_Soldier_Firing_Soldier_Firing_24_368
69
374 133 143 171 0.95023674 
408 286 118 127 0.7238702 
361 156 216 240 0.25368825 
783 384 102 136 0.18984029 
26 222 205 268 0.18893701 
867 232 35 44 0.15146871 
248 211 58 75 0.11238147 
-11 289 193 287 0.0752769 
62 126 247 294 0.07065568 
751 42 116 127 0.067432985 
436 104 124 175 0.06339296 
16 237 338 392 0.057589915 
207 172 113 147 0.054261446 
544 114 51 69 0.052623637 
688 7 49 57 0.052122418 
635 256 34 45 0.050120093 
13 33 144 178 0.04930631 
739 177 14 18 0.047134407 
577 266 101 121 0.04462924 
364 80 134 151 0.042560227 
70 269 112 148 0.03909611 
275 70 345 397 0.037669014 
801 227 242 281 0.036463566 
853 107 30 37 0.036366496 
315 148 49 74 0.034860987 
319 131 94 130 0.032472607 
562 211 87 103 0.03191413 
849 96 54 61 0.031423677 
750 141 25 32 0.031380337 
217 193 32 41 0.031022 
866 236 125 151 0.030470673 
901 11 107 142 0.029383356 
289 124 36 47 0.029243585 
524 163 14 18 0.029054133 
873 236 47 57 0.028927123 
944 53 51 72 0.028676344 
43 414 138 185 0.02851556 
554 14 33 45 0.028423628 
486 76 107 146 0.028027726 
448 319 72 78 0.027935661 
105 286 59 84 0.027571907 
691 94 33 40 0.02713647 
842 49 130 142 0.026861476 
49 -25 242 273 0.02649446 
89 179 152 187 0.02590798 
924 213 55 64 0.025665717 
919 103 36 44 0.025550982 
360 307 125 129 0.025286492 
67 128 53 60 0.025001705 
85 156 32 37 0.024842672 
162 159 28 34 0.0244935 
738 348 223 268 0.02425985 
598 18 124 141 0.023902597 
629 51 56 71 0.023623101 
68 331 15 17 0.023216773 
525 338 15 20 0.023072299 
77 142 33 36 0.02287518 
186 341 162 169 0.02280561 
383 179 87 92 0.022674978 
580 210 53 67 0.02222797 
466 233 38 36 0.02188328 
740 62 53 60 0.021652728 
173 186 30 37 0.021534335 
705 130 28 36 0.02136164 
906 513 35 34 0.020756625 
179 252 35 40 0.020546474 
626 315 61 85 0.020474156 
251 269 38 40 0.020355187 
877 127 34 37 0.020137386 
