24_Soldier_Firing_Soldier_Firing_24_315
118
158 25 49 63 0.9711321 
312 255 58 76 0.953039 
276 84 17 21 0.919094 
628 534 194 285 0.39563984 
680 237 143 185 0.38439056 
78 24 33 40 0.31436473 
375 336 25 30 0.276743 
603 384 23 35 0.22760536 
30 52 31 40 0.16470753 
357 195 18 21 0.16204819 
283 236 97 120 0.1510145 
4 48 32 49 0.1005303 
83 28 18 22 0.09734399 
119 21 55 66 0.08785554 
708 107 17 18 0.087532036 
84 13 46 59 0.08351047 
351 335 17 22 0.07763104 
114 481 14 19 0.07253954 
745 129 24 30 0.069846645 
314 204 115 143 0.06637984 
4 52 19 23 0.06610107 
294 78 12 17 0.059702113 
134 3 58 70 0.05171885 
487 431 11 12 0.051241994 
643 432 14 19 0.04994109 
4 190 360 407 0.049804762 
89 456 127 144 0.0487429 
170 552 127 158 0.048431814 
280 248 60 73 0.048053052 
607 568 143 156 0.04610598 
317 363 41 45 0.04567385 
301 83 10 15 0.044988602 
717 51 13 16 0.042461604 
498 24 114 122 0.042213097 
238 256 126 150 0.042194303 
-2 226 15 22 0.041405626 
310 534 150 183 0.039427564 
251 257 16 23 0.039291967 
56 22 46 54 0.039176088 
84 233 216 264 0.038682602 
584 448 342 442 0.038462367 
13 98 137 139 0.03729948 
428 325 16 20 0.037215162 
693 1 15 16 0.03664926 
205 300 124 141 0.036070835 
49 263 25 33 0.035144523 
-28 23 344 426 0.034824908 
147 440 18 21 0.034231976 
419 324 16 19 0.03402109 
299 141 10 12 0.03366924 
0 -1 23 38 0.03360767 
672 213 247 295 0.033521928 
23 401 47 56 0.03306115 
508 319 45 63 0.032656305 
-1 249 12 17 0.032651283 
50 58 30 40 0.032437015 
49 576 30 37 0.032416075 
394 211 183 229 0.03235196 
410 4 109 122 0.03229926 
596 370 14 18 0.032074805 
162 375 15 19 0.029977743 
283 79 18 27 0.029791282 
605 381 17 20 0.029539747 
670 126 13 15 0.028987352 
589 378 14 18 0.028906612 
590 370 13 16 0.028849151 
563 28 119 132 0.028742904 
94 283 118 134 0.02846852 
719 175 130 148 0.02832698 
828 70 25 32 0.027798574 
245 219 16 19 0.027767196 
359 332 25 33 0.027580779 
969 200 58 64 0.027557602 
43 35 45 56 0.027186459 
318 581 202 231 0.026418846 
157 227 17 20 0.026175248 
349 201 26 35 0.026013503 
693 126 14 15 0.025880143 
585 392 45 61 0.025251884 
0 338 11 16 0.0252482 
771 38 26 31 0.024918914 
292 90 13 17 0.02481291 
608 31 147 152 0.024718173 
109 505 48 67 0.024485521 
-1 417 55 66 0.024470728 
345 212 57 80 0.024166498 
19 60 35 44 0.02409238 
42 112 69 78 0.024010625 
393 274 29 35 0.023651488 
370 397 55 69 0.023555044 
492 437 13 13 0.023394493 
475 251 392 435 0.02314982 
326 202 13 16 0.022998083 
823 -34 228 247 0.02272807 
19 204 30 39 0.02268324 
355 235 115 142 0.02266631 
288 351 64 69 0.022633672 
609 168 137 148 0.022582896 
548 117 423 440 0.022534698 
506 642 17 15 0.022517545 
766 104 22 28 0.022341672 
156 475 15 17 0.02224328 
35 266 20 22 0.021874338 
79 7 27 40 0.021639267 
742 50 15 17 0.021507334 
345 338 26 34 0.021461101 
223 243 222 228 0.021444466 
160 438 28 35 0.020828614 
717 126 14 16 0.020751044 
493 431 10 11 0.0205827 
509 644 29 31 0.020546744 
15 16 214 269 0.020503048 
467 312 13 17 0.020356249 
696 319 134 150 0.02033475 
720 64 24 35 0.020248268 
822 382 134 146 0.020217214 
585 299 47 56 0.02019268 
651 469 16 17 0.020070959 
