24_Soldier_Firing_Soldier_Firing_24_405
280
329 365 66 94 0.9700781 
170 533 9 13 0.3426133 
872 490 12 15 0.1716106 
260 517 13 16 0.15401047 
584 805 34 34 0.1491531 
660 372 11 14 0.1176379 
253 228 15 18 0.09917253 
164 421 11 13 0.09793929 
163 464 13 17 0.091643214 
890 484 13 14 0.087083824 
743 139 12 14 0.08106349 
565 410 13 15 0.080394365 
318 510 105 146 0.07663373 
528 565 406 444 0.07144427 
62 527 118 124 0.071358226 
0 533 10 15 0.066263445 
526 230 10 13 0.064381175 
805 68 13 14 0.064266786 
993 1366 28 36 0.0635327 
346 777 225 249 0.062721 
239 477 11 14 0.06234096 
678 68 373 435 0.062037293 
271 460 10 13 0.06084268 
406 117 12 15 0.059650045 
533 817 124 153 0.059576236 
19 511 112 125 0.05913197 
387 399 17 22 0.05807684 
623 398 10 12 0.057567507 
484 820 121 163 0.05682617 
291 331 121 147 0.056784417 
720 331 11 14 0.056163214 
110 1216 15 18 0.055589434 
75 466 107 123 0.055273466 
549 109 11 11 0.05422228 
569 736 206 239 0.05337616 
504 158 7 9 0.05168523 
890 479 10 12 0.051022626 
142 540 9 13 0.05097188 
543 226 10 12 0.049838115 
196 541 11 13 0.048876498 
284 159 13 13 0.048572283 
527 308 13 16 0.048062127 
95 477 13 15 0.047765225 
571 -186 460 493 0.047720965 
607 392 9 11 0.04705238 
175 518 9 11 0.04687731 
523 101 13 15 0.046585288 
671 -69 245 280 0.045833815 
-91 113 380 441 0.04577065 
478 81 135 147 0.045630977 
853 514 12 15 0.045365725 
171 538 11 13 0.045026932 
636 652 232 260 0.044552047 
229 214 14 15 0.04410042 
503 153 7 8 0.043990526 
247 235 13 15 0.043829784 
279 860 50 61 0.042243797 
420 845 112 130 0.042065773 
137 541 9 11 0.040403694 
95 589 9 11 0.040283788 
999 1122 15 18 0.040199526 
110 -39 377 439 0.040153313 
623 391 10 11 0.04001555 
498 778 210 258 0.03943601 
159 563 11 15 0.039262976 
638 410 12 15 0.03907182 
93 1083 145 163 0.039055698 
830 1086 52 61 0.039019726 
644 382 9 12 0.038336813 
34 549 8 11 0.03826752 
169 333 16 18 0.0382043 
292 80 16 18 0.03786633 
663 855 126 136 0.03772478 
222 486 8 11 0.037632424 
171 527 12 15 0.0372137 
550 132 11 11 0.037109748 
924 1322 16 20 0.036791112 
893 518 12 13 0.036649555 
606 397 11 13 0.036515534 
873 497 226 254 0.036293752 
403 1366 14 16 0.03617216 
253 706 367 396 0.035257638 
71 593 9 11 0.035171997 
564 437 12 15 0.035050455 
877 540 14 14 0.034614403 
117 590 24 29 0.034503013 
77 535 12 14 0.033882868 
252 236 23 33 0.03323282 
720 372 11 13 0.032965627 
145 516 9 12 0.03237762 
521 107 11 14 0.032265514 
869 485 20 25 0.03197122 
692 348 15 18 0.03189928 
155 300 13 14 0.031887844 
759 554 13 16 0.031838544 
798 187 14 17 0.031407677 
255 512 21 27 0.030842582 
870 86 12 14 0.03071229 
571 574 12 13 0.030700728 
614 398 10 12 0.030639738 
543 151 10 10 0.030440804 
222 480 8 11 0.030423118 
396 854 18 21 0.030249508 
845 437 12 13 0.030233135 
782 100 14 16 0.030204054 
782 325 14 17 0.030073272 
772 117 13 15 0.030071875 
871 470 8 9 0.02997892 
848 534 9 12 0.029975008 
112 516 104 121 0.029907743 
990 373 28 31 0.029757096 
559 213 10 11 0.029636005 
877 479 8 12 0.029386548 
686 566 10 13 0.029379888 
34 398 153 159 0.029343111 
535 141 9 11 0.029299678 
171 531 115 121 0.02927695 
684 1517 12 14 0.029093599 
648 564 11 15 0.029050661 
554 734 142 148 0.029034365 
267 542 115 123 0.028924942 
500 750 132 142 0.02882068 
600 264 12 14 0.02881807 
817 539 114 122 0.02874445 
508 338 25 33 0.028656378 
203 550 57 67 0.028424125 
335 471 125 132 0.028415909 
212 238 13 14 0.02833796 
192 428 9 12 0.02829414 
582 533 9 11 0.028237965 
149 1171 12 15 0.028147627 
164 455 11 13 0.027875187 
824 542 9 12 0.027658738 
144 584 7 10 0.02736518 
177 574 8 11 0.027255168 
254 356 13 14 0.02723177 
373 389 30 43 0.027219791 
205 534 9 11 0.027108274 
176 565 8 12 0.027046205 
625 383 9 10 0.026977608 
267 525 11 13 0.026738405 
311 452 11 13 0.02666232 
86 604 12 14 0.026549194 
287 503 10 12 0.026532482 
805 233 13 15 0.026443375 
563 43 15 17 0.026396068 
647 558 11 15 0.026302597 
487 246 8 12 0.026263034 
872 415 25 32 0.026199175 
805 534 11 12 0.026147373 
536 201 9 9 0.026089663 
503 23 11 14 0.026087288 
117 499 13 15 0.026069352 
245 476 11 15 0.026011422 
200 535 9 12 0.02599574 
786 236 16 17 0.025923293 
247 228 13 15 0.025899803 
428 -21 412 452 0.025851967 
121 558 8 9 0.02584091 
561 371 15 17 0.025773033 
541 4 16 18 0.025676552 
26 1065 406 416 0.025542986 
848 1238 193 212 0.025451766 
129 1101 27 28 0.02537433 
439 1516 11 13 0.025161514 
454 37 10 12 0.02515535 
964 645 13 15 0.025115706 
62 458 15 17 0.025082763 
671 1198 129 133 0.025025183 
878 421 14 17 0.024826588 
558 102 11 13 0.02482571 
748 134 12 15 0.024812488 
126 559 8 9 0.02471816 
856 420 12 13 0.024585651 
350 832 125 144 0.024535194 
182 583 10 12 0.024518698 
286 391 14 16 0.024484027 
124 596 13 16 0.024470152 
279 135 11 13 0.024369538 
590 527 10 11 0.02429446 
980 1282 13 16 0.024235189 
471 -1 24 29 0.024191026 
258 223 14 16 0.024169236 
316 233 14 15 0.024136689 
868 532 24 28 0.02410429 
285 195 12 14 0.024098914 
73 534 9 13 0.024067137 
815 92 11 13 0.024059175 
85 452 14 16 0.02386856 
402 430 24 35 0.023788953 
102 384 28 34 0.023775183 
576 156 11 13 0.023771673 
788 101 14 16 0.023741212 
588 126 11 13 0.023699962 
131 5 130 132 0.023662986 
-64 -80 239 274 0.023635853 
87 581 10 12 0.023494516 
550 126 10 11 0.023431819 
559 134 10 11 0.023420554 
683 843 14 18 0.023359234 
534 135 10 11 0.02325257 
791 549 11 14 0.023179892 
910 564 12 15 0.022936825 
145 511 8 10 0.022912985 
495 206 8 10 0.022774337 
142 550 8 10 0.022735514 
957 1137 15 18 0.02271147 
550 362 27 33 0.022684613 
489 206 8 11 0.022658061 
73 541 9 11 0.02263163 
295 471 9 12 0.022600459 
140 1108 14 15 0.022594612 
798 554 12 15 0.022590118 
256 317 11 12 0.022547506 
253 283 13 14 0.022539333 
632 797 130 140 0.02253536 
0 527 10 14 0.022530498 
44 1289 60 64 0.022502713 
516 661 126 137 0.022499561 
272 493 10 13 0.022485342 
462 126 9 11 0.022481965 
924 118 13 15 0.022426173 
164 571 11 15 0.022329086 
679 1319 124 128 0.022261137 
193 548 10 13 0.022233922 
716 1359 29 32 0.022050649 
326 1524 12 14 0.0219968 
622 1269 13 14 0.021984478 
166 559 10 12 0.02196802 
478 111 11 13 0.021956814 
84 533 12 15 0.021852156 
888 491 12 14 0.02184765 
633 1298 128 134 0.021833666 
-1 304 14 20 0.021771125 
857 946 32 39 0.021704854 
720 349 11 14 0.021580016 
-7 558 123 133 0.021525422 
737 16 143 152 0.021520654 
854 477 9 12 0.021380184 
144 589 9 11 0.021340542 
558 141 11 12 0.021260269 
840 527 8 11 0.02125112 
863 596 28 34 0.021221168 
291 1325 14 14 0.021191033 
159 572 12 15 0.02119076 
413 1380 15 14 0.021171222 
503 44 10 11 0.02111359 
383 851 12 16 0.021089252 
237 422 12 15 0.021060191 
144 526 9 12 0.020975012 
123 470 112 125 0.020939212 
7 510 8 11 0.020890253 
365 885 12 16 0.020862387 
388 344 490 527 0.020859035 
600 399 9 11 0.020858213 
571 945 127 134 0.020791108 
690 1358 32 34 0.020760436 
581 156 11 13 0.02071837 
312 589 8 11 0.020683752 
63 525 10 13 0.020635309 
375 763 15 17 0.020615106 
100 316 15 15 0.020573596 
285 428 12 13 0.020539617 
265 460 10 14 0.020476587 
240 20 434 467 0.020475768 
256 -226 465 506 0.02047461 
489 1238 121 126 0.020416133 
717 117 13 14 0.020360714 
629 389 11 11 0.020324526 
289 1237 132 136 0.020301137 
867 569 26 30 0.020278843 
3 155 12 18 0.020170825 
544 133 10 10 0.020152956 
443 270 26 29 0.02010715 
16 519 8 10 0.02009443 
478 144 108 125 0.020066507 
965 1138 15 17 0.020038726 
173 317 13 13 0.020031882 
4 540 10 14 0.020028485 
261 124 11 12 0.02000532 
