24_Soldier_Firing_Soldier_Firing_24_129
161
328 318 119 160 0.9553314 
303 340 92 110 0.51461613 
368 361 75 100 0.3538765 
-79 213 331 370 0.17670764 
432 1217 25 36 0.11760377 
251 375 114 119 0.110049255 
270 618 126 150 0.088606656 
549 114 369 385 0.07940981 
190 421 127 118 0.07409608 
408 193 136 152 0.06876428 
189 1524 13 16 0.06822362 
473 481 16 21 0.06413528 
565 593 386 412 0.0626933 
253 417 18 21 0.06229599 
317 665 56 73 0.062226113 
-46 568 370 454 0.059678435 
36 974 29 36 0.05557505 
757 188 109 134 0.055251095 
203 265 14 18 0.051581684 
112 -113 382 434 0.050985213 
655 1395 10 12 0.050102316 
-5 974 397 429 0.049860526 
15 90 420 467 0.0491195 
444 806 25 36 0.04868049 
267 434 16 20 0.048360873 
837 19 205 256 0.048054837 
266 -139 394 440 0.04745246 
699 1474 52 65 0.044459663 
660 1408 11 13 0.044407528 
256 632 231 267 0.043470774 
125 298 238 264 0.042901993 
691 866 377 417 0.04252409 
692 386 375 441 0.04171939 
671 1407 10 13 0.04075105 
684 71 424 429 0.0406039 
676 1407 11 14 0.040188543 
462 696 27 38 0.039453126 
373 305 65 108 0.039102618 
395 196 15 17 0.039059408 
653 1390 10 13 0.03892688 
889 67 120 139 0.038840037 
430 869 13 17 0.03855367 
96 624 379 413 0.037937626 
-103 -117 380 457 0.036418248 
259 423 19 23 0.036114078 
524 670 135 157 0.03583267 
634 184 124 139 0.03578355 
-107 1162 391 407 0.035688546 
411 774 142 164 0.035329644 
178 462 145 151 0.034888625 
652 714 382 410 0.034370653 
556 1228 13 17 0.03396981 
596 1197 412 452 0.033471555 
312 1254 134 141 0.032795664 
241 -1 22 22 0.032731477 
392 1029 378 435 0.03248394 
295 456 61 72 0.032454427 
317 496 349 401 0.031923246 
706 256 16 20 0.03167164 
332 1128 149 167 0.03134849 
-74 378 391 439 0.031169364 
784 221 54 69 0.031071251 
451 821 15 19 0.030627597 
535 1183 153 169 0.03054677 
0 422 28 45 0.030426748 
550 1235 15 17 0.030334083 
491 441 15 17 0.030231118 
698 189 123 148 0.030128397 
563 612 233 254 0.02976757 
175 180 12 13 0.029656237 
576 197 135 140 0.029645178 
470 464 30 41 0.029361794 
700 248 26 35 0.029037727 
387 730 122 153 0.02890674 
148 559 133 148 0.028345011 
674 1465 55 63 0.02799666 
43 1486 16 19 0.027992299 
397 1516 13 15 0.02779699 
349 635 12 15 0.027633647 
-10 652 135 145 0.027496194 
592 412 12 13 0.027065547 
632 1308 136 138 0.026919771 
910 231 10 12 0.026777247 
403 804 33 42 0.026731892 
0 1482 25 38 0.02656477 
350 713 30 40 0.026491508 
567 1477 28 30 0.026480945 
489 173 146 157 0.026414352 
426 668 142 169 0.026352186 
791 164 121 135 0.02626764 
397 789 54 69 0.026231416 
0 1362 25 40 0.026199123 
149 357 143 148 0.026163269 
674 -72 246 273 0.026066463 
422 689 15 18 0.026013944 
-1 236 9 16 0.025978869 
375 27 173 170 0.025853025 
0 291 32 45 0.025770633 
596 1371 10 14 0.02566342 
447 459 155 179 0.025522558 
445 -63 246 294 0.025294358 
779 1419 126 142 0.025193581 
380 238 25 27 0.024966242 
388 279 97 138 0.024951458 
683 1063 372 392 0.02468158 
90 1094 400 423 0.02463835 
701 151 235 264 0.024612242 
204 148 13 16 0.024605047 
909 238 11 11 0.024314363 
649 1388 10 13 0.024179025 
613 404 13 14 0.02406612 
878 87 240 253 0.023981793 
455 458 53 59 0.023887541 
237 695 348 403 0.023837058 
184 1517 23 28 0.023813104 
354 371 122 145 0.023778414 
451 366 34 36 0.023767762 
-35 322 117 142 0.023753699 
646 1371 11 13 0.02368248 
467 652 15 18 0.023563161 
103 1527 10 13 0.023332106 
247 425 32 35 0.023060575 
111 228 139 167 0.023015961 
59 -17 116 117 0.022883294 
373 651 14 17 0.022783024 
363 727 15 18 0.022773676 
573 1375 12 13 0.022730263 
-75 760 395 472 0.022660078 
89 -58 255 281 0.022654293 
280 413 68 78 0.022595245 
247 413 65 67 0.022513082 
726 369 235 288 0.022284742 
859 1314 171 167 0.022276038 
376 230 211 253 0.02216497 
181 730 134 149 0.022037897 
213 506 15 16 0.02201363 
77 14 36 45 0.021989614 
571 -165 420 458 0.021952156 
541 619 125 146 0.0218844 
421 237 13 15 0.021706177 
702 1386 12 16 0.02164955 
287 1257 25 30 0.02159675 
-8 1008 129 140 0.021583298 
593 1350 111 130 0.021559888 
71 181 252 302 0.0214444 
822 276 30 38 0.02142804 
294 678 129 169 0.021412559 
413 567 375 449 0.020949459 
719 241 29 39 0.020940218 
-3 542 20 38 0.020867754 
143 1507 11 14 0.020709157 
176 197 126 145 0.02062345 
614 990 28 35 0.02041082 
557 441 15 19 0.0203778 
297 755 34 38 0.020277306 
355 1416 14 15 0.020267198 
420 75 14 17 0.02022126 
773 1219 15 15 0.020168148 
306 1480 29 34 0.02011432 
228 -20 124 125 0.020076966 
310 1530 11 15 0.020001838 
