24_Soldier_Firing_Soldier_Firing_24_264
73
278 63 61 68 0.9799992 
739 136 64 80 0.9769742 
519 217 13 17 0.9672876 
586 224 14 18 0.76600444 
884 234 25 29 0.19769149 
871 226 27 33 0.13430688 
205 235 243 279 0.11532837 
893 184 17 21 0.095296875 
269 29 96 118 0.085713804 
921 239 16 21 0.08419182 
904 191 17 22 0.08363217 
790 244 50 76 0.07476903 
310 65 31 46 0.060455453 
513 220 12 15 0.058945026 
341 113 114 140 0.05196996 
685 211 25 39 0.05162501 
717 390 161 163 0.048411712 
397 160 99 127 0.04606151 
588 183 14 18 0.045322366 
613 225 350 391 0.042542737 
867 263 14 20 0.041442323 
584 215 12 16 0.040534377 
271 256 12 17 0.036862187 
846 186 15 19 0.036601797 
523 225 13 13 0.03616282 
188 272 134 140 0.035268538 
866 225 21 24 0.034527496 
926 274 16 23 0.033104174 
388 90 195 240 0.03260016 
892 289 15 20 0.03228775 
834 308 18 22 0.03150358 
703 218 30 39 0.030227087 
785 229 106 138 0.030174874 
711 -51 388 441 0.029428605 
525 138 15 17 0.029426249 
350 192 27 37 0.028654914 
316 47 126 142 0.028138354 
693 251 13 16 0.027856449 
700 268 12 15 0.027148431 
559 139 11 15 0.02696815 
908 266 16 19 0.026786057 
862 233 16 21 0.026441684 
67 122 384 456 0.02602653 
594 227 12 16 0.025844602 
845 251 15 21 0.025756825 
680 277 51 82 0.025528297 
591 140 13 16 0.025491918 
885 317 29 38 0.023848247 
956 251 17 21 0.023820698 
576 221 11 15 0.02368692 
867 237 18 23 0.02308111 
928 147 119 142 0.022710152 
873 211 42 52 0.022661272 
835 33 150 162 0.02260335 
418 174 365 409 0.022433393 
261 275 14 17 0.022332838 
972 517 15 19 0.022249745 
825 301 28 34 0.022238836 
262 284 13 17 0.022233894 
886 290 13 18 0.022134308 
142 283 122 125 0.021991944 
867 282 16 20 0.021970456 
956 516 15 18 0.021832146 
531 300 16 16 0.021830766 
236 210 136 169 0.021825273 
890 188 28 34 0.02179158 
909 251 25 32 0.021629294 
331 184 50 58 0.021198351 
-3 190 21 43 0.021179425 
957 266 17 21 0.021159492 
922 228 16 19 0.020517236 
511 228 11 14 0.02050269 
276 283 18 19 0.020429533 
