24_Soldier_Firing_Soldier_Firing_24_67
76
485 211 64 81 0.9816502 
101 173 14 15 0.14329551 
542 110 27 40 0.14240867 
788 275 59 62 0.12103536 
878 228 12 14 0.120357975 
822 229 15 17 0.09985651 
439 308 11 15 0.091752976 
426 265 362 396 0.08553933 
238 178 13 15 0.06384143 
774 257 92 103 0.057145137 
884 229 11 13 0.054791976 
973 671 15 16 0.054099355 
319 58 142 149 0.052971177 
915 663 24 27 0.05168078 
884 284 15 18 0.049590852 
524 216 55 61 0.046767775 
319 211 87 111 0.045008585 
524 399 171 207 0.041118693 
730 568 58 64 0.041101534 
929 180 19 24 0.04095762 
501 300 13 16 0.040942136 
840 253 13 16 0.040294856 
740 -3 14 14 0.038490843 
884 237 14 16 0.038292 
586 57 120 163 0.034517564 
881 262 15 20 0.03426113 
503 67 30 38 0.034165382 
878 234 14 18 0.033899542 
893 244 11 15 0.033154488 
570 543 135 144 0.032795016 
814 219 27 32 0.032320328 
168 109 219 257 0.03206012 
872 227 11 14 0.030753937 
796 -2 17 19 0.030221747 
207 190 28 35 0.029928997 
389 182 32 32 0.029677501 
192 181 12 14 0.029668082 
860 287 18 21 0.02868966 
740 71 137 154 0.028253935 
9 -2 129 133 0.027857127 
32 -5 472 508 0.027569607 
880 279 24 31 0.027328921 
636 669 12 14 0.027018126 
852 259 12 15 0.027005466 
114 -7 100 109 0.025246076 
162 478 138 149 0.025155373 
243 175 12 14 0.024758281 
8 467 130 135 0.024406757 
26 156 135 132 0.024252338 
890 290 13 18 0.023352103 
628 3 49 63 0.02275938 
968 438 58 65 0.022581318 
685 281 51 61 0.022358272 
247 407 58 61 0.022256702 
539 59 14 18 0.022153871 
216 141 10 12 0.022025771 
699 534 123 127 0.021881634 
874 246 25 32 0.021822214 
346 367 125 130 0.021685282 
101 356 28 29 0.021634275 
455 308 28 34 0.021510677 
607 8 112 155 0.021216024 
752 288 142 144 0.020930728 
883 250 23 32 0.020899344 
492 242 39 49 0.020875383 
261 208 119 150 0.020838521 
233 192 28 32 0.020806447 
522 78 14 20 0.020762527 
490 17 27 37 0.020533925 
744 573 36 40 0.02048601 
452 173 144 184 0.020449117 
466 54 17 22 0.020302331 
54 503 65 66 0.02021985 
470 95 52 61 0.020219 
962 181 54 66 0.020154478 
509 0 14 15 0.020105073 
