24_Soldier_Firing_Soldier_Firing_24_95
91
303 496 108 140 0.7054038 
398 119 60 67 0.38658094 
407 60 131 133 0.28464493 
843 -23 118 146 0.23185985 
314 371 131 131 0.22733788 
144 81 60 91 0.22603132 
130 386 62 77 0.21244943 
128 67 110 127 0.16958822 
310 66 55 76 0.15349643 
941 -6 47 59 0.15072067 
594 3 125 128 0.14619139 
302 170 44 71 0.13944246 
385 96 98 109 0.12495486 
-6 433 129 122 0.1226887 
463 48 64 76 0.10159338 
150 210 107 126 0.090707205 
173 227 58 67 0.087845035 
324 88 98 122 0.080600955 
444 18 114 136 0.076711826 
126 384 105 115 0.07652156 
550 471 106 111 0.07639324 
806 404 152 149 0.072604366 
264 420 200 239 0.0698279 
70 364 189 211 0.06851922 
584 445 132 135 0.06482118 
414 43 196 216 0.062344134 
538 24 143 146 0.058805946 
92 102 112 116 0.058539063 
182 261 341 438 0.05803924 
720 288 153 167 0.055532232 
531 -89 390 407 0.047992382 
129 169 111 121 0.04763742 
402 113 124 129 0.04762028 
628 417 129 146 0.04462916 
314 149 21 26 0.044616718 
141 -3 30 45 0.039883673 
870 70 67 86 0.03978393 
562 508 65 84 0.03908907 
685 127 396 423 0.03900673 
793 342 60 72 0.03851744 
781 -5 123 131 0.038276915 
287 163 92 112 0.035163213 
-36 283 370 404 0.034784608 
368 102 63 78 0.034484874 
273 68 174 214 0.033454884 
449 169 146 159 0.03220651 
322 81 62 83 0.031461146 
290 95 88 127 0.028854307 
123 599 63 68 0.028362826 
145 106 33 53 0.027764631 
544 -32 236 246 0.02755577 
-11 136 52 65 0.027512468 
968 587 58 67 0.026983084 
864 433 141 148 0.026929978 
855 360 147 163 0.02683148 
610 329 135 151 0.02676024 
343 108 58 76 0.02650561 
324 373 66 69 0.02564434 
620 210 132 131 0.025482323 
183 490 128 133 0.024751237 
136 176 62 61 0.024618631 
50 538 111 110 0.02437595 
271 405 136 153 0.024002714 
413 -23 122 128 0.023871768 
327 -43 344 402 0.023554629 
429 118 71 72 0.023278728 
157 202 62 73 0.023254488 
589 201 15 18 0.023007512 
106 552 61 68 0.022970038 
575 178 140 143 0.022939526 
359 123 107 126 0.022578096 
211 191 113 126 0.02249498 
233 116 112 131 0.022425357 
11 161 56 71 0.022310989 
209 312 50 58 0.022261119 
79 485 114 113 0.022145368 
22 449 74 83 0.022070374 
798 636 53 57 0.021929316 
949 558 101 111 0.021605488 
138 416 61 72 0.021582494 
64 165 59 61 0.021414537 
240 438 51 62 0.021317255 
186 55 136 145 0.021182606 
595 271 38 37 0.021142641 
625 311 211 262 0.020965554 
257 155 394 420 0.020723043 
596 442 16 19 0.02047959 
603 15 69 80 0.0204774 
733 -2 113 111 0.02041899 
17 473 124 132 0.020267522 
33 104 91 108 0.020089785 
