24_Soldier_Firing_Soldier_Firing_24_523
80
353 156 137 122 0.8907433 
429 174 67 67 0.19696003 
406 172 130 140 0.19357811 
212 278 29 39 0.18589899 
311 169 127 132 0.17070717 
14 293 33 41 0.13496092 
378 289 346 378 0.12751155 
359 299 39 44 0.12037146 
476 140 358 409 0.094974555 
334 194 165 149 0.08529367 
255 425 14 16 0.08433461 
232 214 116 120 0.08036979 
181 347 208 235 0.08027921 
489 274 59 64 0.07534605 
962 25 55 72 0.073891684 
249 184 209 227 0.0730775 
269 185 116 127 0.07281717 
582 74 365 368 0.070433244 
31 225 60 66 0.065679416 
676 150 163 181 0.06300092 
-148 6 337 394 0.06293947 
6 209 104 108 0.05790278 
318 81 149 158 0.05734745 
446 171 35 49 0.05655778 
441 214 116 130 0.054601774 
-15 26 121 164 0.05194729 
934 521 14 18 0.046958975 
898 519 26 31 0.046292722 
300 227 125 139 0.04524578 
48 215 52 55 0.044805814 
470 244 62 76 0.044597127 
17 263 38 43 0.044335354 
738 493 32 38 0.04130781 
208 259 56 68 0.0411301 
168 96 369 434 0.040802564 
91 249 442 475 0.04002206 
9 239 64 62 0.038689703 
204 70 54 62 0.034044523 
206 238 88 110 0.032573547 
231 215 53 78 0.031464778 
-50 114 205 232 0.031031126 
111 188 45 53 0.030372296 
487 192 138 143 0.030285766 
-3 6 46 62 0.029895086 
261 415 149 146 0.029356314 
940 530 16 18 0.028595898 
140 213 110 123 0.028588634 
222 441 123 123 0.02845613 
482 328 167 165 0.028041415 
891 551 17 20 0.027687741 
316 440 17 20 0.027302064 
450 218 73 81 0.027138837 
938 517 12 16 0.027026135 
161 246 53 61 0.026613703 
218 510 34 35 0.026544087 
930 7 97 111 0.026157577 
170 257 30 37 0.025491852 
301 468 122 126 0.025371682 
829 525 30 36 0.024900608 
397 107 126 141 0.024621766 
487 267 149 149 0.024429865 
179 268 30 35 0.023620032 
824 35 119 121 0.023498623 
-3 154 43 61 0.023314975 
28 205 24 31 0.022901744 
515 46 33 33 0.022594756 
939 66 15 17 0.022445586 
907 523 16 19 0.022336416 
364 269 75 72 0.022209533 
139 280 58 64 0.022068707 
755 542 32 32 0.021855507 
265 446 36 40 0.021730674 
696 346 60 59 0.021170065 
258 431 16 18 0.021168843 
347 501 57 69 0.021073151 
468 444 31 37 0.021 
182 264 54 62 0.020945897 
490 421 141 141 0.020812778 
601 521 32 36 0.020586615 
967 494 28 33 0.020083796 
