24_Soldier_Firing_Soldier_Firing_24_329
51
862 182 149 169 0.8805014 
883 336 111 113 0.8344784 
605 278 213 269 0.7631081 
788 285 187 228 0.1766388 
806 197 221 253 0.11931495 
520 223 387 375 0.08742395 
696 352 165 169 0.07313025 
824 549 18 22 0.05509576 
590 323 148 174 0.052687418 
716 164 108 123 0.049105033 
358 389 145 150 0.04473463 
215 54 107 120 0.040669523 
615 122 131 144 0.037578978 
145 39 33 46 0.037470423 
-1 -11 121 165 0.03530625 
192 4 51 57 0.034690294 
312 233 343 407 0.03394284 
697 150 372 399 0.033452753 
497 182 112 132 0.032317437 
500 278 217 285 0.03154408 
38 224 233 268 0.03151032 
94 -64 229 250 0.030393258 
495 46 218 259 0.026324322 
200 27 57 65 0.02544977 
480 404 122 144 0.025312556 
12 -45 192 233 0.025204383 
979 426 34 37 0.024462758 
891 296 33 36 0.023458283 
222 32 56 72 0.023360386 
355 111 100 117 0.023152605 
288 353 34 42 0.022563938 
230 74 61 77 0.022531014 
752 194 59 73 0.022440646 
298 -2 28 26 0.022375843 
690 425 162 156 0.022343537 
-65 138 419 434 0.022308797 
256 119 61 72 0.02221294 
913 402 73 81 0.022196166 
71 187 125 124 0.021819407 
333 162 119 136 0.021673141 
746 417 77 77 0.021589834 
615 325 357 415 0.02149715 
434 34 115 120 0.021487195 
521 491 35 37 0.0213837 
14 192 40 47 0.02121305 
229 -21 206 236 0.020905282 
673 407 34 39 0.020784836 
480 109 35 42 0.02069608 
-49 7 225 274 0.020655883 
224 277 124 129 0.020381331 
142 -1 31 31 0.020038147 
