24_Soldier_Firing_Soldier_Firing_24_633
167
880 391 51 61 0.96652794 
-1 270 30 50 0.9028641 
439 448 50 61 0.5457467 
782 400 29 40 0.46850973 
109 20 12 14 0.30381078 
695 643 59 79 0.22141205 
811 439 15 19 0.15517241 
235 608 237 306 0.14791442 
622 532 190 226 0.12057352 
835 44 11 14 0.11851864 
-90 413 327 388 0.11385636 
792 411 18 22 0.11250822 
757 401 53 57 0.10889614 
375 436 119 119 0.108754486 
667 464 51 72 0.10502683 
756 938 14 18 0.09888396 
-30 217 367 474 0.094141185 
916 363 13 16 0.09177414 
988 370 14 17 0.090328865 
782 132 25 36 0.08559079 
648 429 108 114 0.08280074 
147 62 341 423 0.077488884 
275 13 217 282 0.077439845 
541 -8 354 387 0.077128425 
0 834 46 70 0.0770824 
821 3 13 15 0.07622157 
684 592 113 142 0.07377346 
823 420 50 57 0.070664994 
339 425 28 36 0.070077516 
159 894 61 66 0.065289736 
919 359 10 13 0.06522635 
535 536 198 222 0.06483361 
70 550 381 460 0.06206922 
479 18 247 291 0.061639324 
594 423 345 396 0.060606055 
75 0 143 185 0.05967674 
491 385 26 31 0.058379877 
19 11 351 396 0.057139177 
856 405 50 61 0.056307733 
836 431 30 36 0.053966206 
-15 120 150 176 0.053934183 
953 61 10 13 0.05170212 
766 391 33 36 0.05156652 
-19 820 99 125 0.05053981 
103 825 151 158 0.048495077 
995 371 12 16 0.04784815 
739 608 13 18 0.04735858 
521 394 16 20 0.04695716 
349 483 225 254 0.04685912 
478 392 47 48 0.04601418 
35 346 30 39 0.045497525 
844 385 91 100 0.045358192 
524 566 126 146 0.04520218 
146 0 127 168 0.045060016 
172 18 15 19 0.04481901 
948 242 17 19 0.043172058 
437 867 128 134 0.042106204 
507 397 28 44 0.041616272 
320 417 366 420 0.040604778 
391 463 146 151 0.039893627 
90 53 13 14 0.03952618 
843 441 17 20 0.039486654 
515 397 17 23 0.039148774 
945 247 27 34 0.039122093 
925 -3 59 60 0.038459066 
116 295 182 217 0.038143862 
-4 250 21 37 0.03702487 
484 454 16 24 0.03684735 
987 402 14 19 0.03612347 
84 53 13 14 0.035661347 
853 689 12 16 0.035522237 
735 899 109 124 0.03543773 
95 -41 218 268 0.035248037 
250 -38 375 462 0.034989983 
805 44 11 14 0.03498591 
878 149 24 31 0.034887586 
831 385 13 17 0.0340219 
828 474 18 21 0.03351966 
980 377 14 20 0.03339291 
848 26 11 15 0.03323439 
1003 380 15 17 0.032711647 
924 358 11 13 0.03242057 
885 133 16 17 0.03227883 
350 308 112 134 0.031293206 
458 407 53 64 0.03109746 
950 404 16 21 0.030858863 
9 199 96 117 0.030576918 
516 720 38 41 0.030270355 
359 383 109 125 0.030191345 
973 388 15 18 0.029801648 
880 383 29 40 0.029634545 
465 42 150 194 0.029557504 
844 784 15 18 0.029047517 
690 63 16 18 0.028269878 
-34 792 173 214 0.028217742 
243 745 144 142 0.027299277 
0 79 31 37 0.027241752 
835 -12 102 117 0.027168592 
30 307 181 201 0.026944151 
836 70 11 13 0.02678248 
652 68 12 14 0.026778713 
381 887 127 132 0.026773306 
466 441 33 46 0.026746074 
169 20 11 15 0.0264962 
847 400 28 34 0.026285673 
787 411 34 47 0.02619916 
757 603 15 19 0.026078112 
680 427 61 81 0.026033927 
534 598 55 84 0.025714539 
105 15 21 24 0.025401868 
287 288 252 301 0.025143152 
42 794 254 246 0.025139265 
838 22 11 12 0.025065359 
750 934 14 18 0.024975749 
284 593 147 190 0.024911037 
97 327 389 426 0.024745975 
862 476 16 21 0.024697289 
625 469 125 164 0.024148876 
925 53 10 12 0.023942566 
525 800 29 37 0.023799928 
743 383 53 60 0.023781125 
324 17 14 18 0.023719886 
858 0 25 34 0.023679845 
701 26 404 432 0.023617957 
673 651 60 82 0.023537068 
145 3 15 17 0.023514012 
513 409 28 47 0.023504538 
43 70 24 29 0.023335144 
890 -22 98 108 0.023220178 
805 35 13 17 0.023135928 
170 12 24 33 0.023044758 
767 624 139 148 0.022946175 
827 4 11 13 0.022923764 
797 160 139 152 0.02274887 
561 929 33 37 0.022717338 
569 292 130 131 0.02270837 
139 2 24 31 0.022702666 
996 188 28 39 0.022686105 
1006 371 13 17 0.02260859 
835 173 31 33 0.022397473 
577 50 156 195 0.022364913 
492 381 17 22 0.022342347 
43 358 18 22 0.022278888 
812 35 11 14 0.02212797 
505 896 53 60 0.022095727 
-1 724 32 45 0.022001 
822 54 9 13 0.02172295 
740 384 105 125 0.021673225 
83 46 24 28 0.021630052 
748 741 16 20 0.021541344 
680 407 135 144 0.021507714 
998 385 15 19 0.021210464 
742 690 149 156 0.021005685 
735 374 183 212 0.02096538 
131 973 15 14 0.020805568 
891 -3 55 59 0.020719528 
797 15 27 33 0.020712387 
345 470 122 119 0.020704417 
487 387 14 20 0.020648096 
821 386 12 16 0.020567894 
854 660 12 15 0.020410413 
-33 701 406 425 0.020404212 
278 291 158 174 0.02023402 
798 322 118 135 0.020167869 
643 65 15 18 0.020096086 
510 737 37 43 0.020093732 
609 738 150 162 0.020062543 
