24_Soldier_Firing_Soldier_Firing_24_372
42
309 139 56 87 0.96872956 
279 120 104 126 0.39596835 
265 508 161 183 0.12356204 
216 205 200 253 0.115774065 
935 -7 44 42 0.05735641 
696 -109 419 457 0.04918105 
805 296 32 31 0.048582923 
646 219 11 14 0.04617596 
641 235 60 72 0.04491511 
634 59 471 508 0.042200644 
618 198 99 117 0.04025881 
722 200 15 16 0.039766196 
518 435 60 63 0.03908781 
383 48 137 148 0.035954054 
440 392 135 131 0.033269726 
-10 418 129 135 0.032626837 
700 87 126 137 0.032189436 
533 300 132 137 0.027270343 
171 158 338 396 0.026710354 
329 153 34 55 0.026309323 
292 123 16 22 0.026009988 
456 662 28 30 0.025721718 
213 501 56 71 0.025528843 
982 485 30 33 0.02544233 
105 533 139 146 0.024748005 
579 480 136 143 0.02474664 
874 541 30 34 0.023206301 
751 295 32 31 0.0222851 
562 199 26 26 0.022252837 
-8 34 134 146 0.022039818 
703 216 105 132 0.02193761 
746 456 54 61 0.021878054 
582 118 186 272 0.021472363 
241 121 93 116 0.02140985 
820 497 132 140 0.021308752 
44 36 157 157 0.021181993 
709 285 139 142 0.021109285 
581 555 132 142 0.020824794 
882 475 31 34 0.020741323 
147 264 218 269 0.020460792 
106 336 394 464 0.020374294 
161 615 35 36 0.020033006 
