24_Soldier_Firing_Soldier_Firing_24_890
104
748 50 62 79 0.99729794 
61 214 43 57 0.9699342 
133 147 22 36 0.89449954 
39 140 26 38 0.8910988 
299 143 25 35 0.8671486 
213 124 26 39 0.86307687 
385 159 22 30 0.6823716 
474 154 20 30 0.5518688 
235 374 44 56 0.13173898 
107 347 48 60 0.12077845 
614 214 14 17 0.11467294 
653 420 11 13 0.109459154 
143 154 16 21 0.104574464 
484 150 14 20 0.058391307 
393 157 18 23 0.055440262 
401 162 13 20 0.051535353 
313 150 15 23 0.051145233 
224 130 18 23 0.04987765 
620 277 117 147 0.046726394 
784 264 167 175 0.044148486 
977 282 52 61 0.04178097 
475 277 17 23 0.04096244 
326 142 230 273 0.04042441 
43 195 16 22 0.040301055 
908 125 127 133 0.039476518 
142 226 44 63 0.03405629 
318 86 13 15 0.034025338 
206 533 14 18 0.03366343 
960 187 53 68 0.03315451 
105 217 15 18 0.032861438 
44 115 13 17 0.031474486 
313 140 16 23 0.031069545 
849 216 122 145 0.030950999 
646 428 12 15 0.030558769 
526 410 123 137 0.030262064 
892 222 47 60 0.030148681 
294 145 19 27 0.030011518 
38 115 13 16 0.029503427 
430 181 14 17 0.02938315 
407 6 100 121 0.028735906 
763 232 129 144 0.028666409 
241 61 441 467 0.028516768 
477 150 107 134 0.028430725 
48 152 20 27 0.02817972 
660 148 14 17 0.027981766 
234 161 225 271 0.027749488 
124 151 22 29 0.027592203 
644 425 24 32 0.02746054 
670 445 10 13 0.027268128 
390 456 129 146 0.027249593 
552 264 110 123 0.027141884 
171 562 120 123 0.02710097 
448 213 14 18 0.026959652 
524 196 11 14 0.026637647 
309 92 23 31 0.026486939 
691 218 117 134 0.025989711 
375 163 14 20 0.025765348 
568 452 130 146 0.025533943 
892 26 149 158 0.025452903 
622 329 13 16 0.025329543 
416 390 27 35 0.02464871 
173 556 12 14 0.024587652 
482 163 16 22 0.024372391 
10 46 14 19 0.024265641 
164 130 15 17 0.02425104 
70 576 10 12 0.024173744 
515 240 110 125 0.023890853 
765 195 103 122 0.023733614 
311 103 26 34 0.023656122 
462 250 111 132 0.023226732 
400 0 34 43 0.023144707 
201 526 22 34 0.023028422 
234 421 56 66 0.023015585 
311 91 14 17 0.023011778 
245 270 97 130 0.023007587 
129 27 206 237 0.022969665 
116 665 28 28 0.022961318 
683 433 31 42 0.022753514 
10 545 119 124 0.022624852 
651 322 110 136 0.022529127 
93 4 137 145 0.02225866 
512 1 217 244 0.02217154 
135 51 118 149 0.021842461 
76 199 29 44 0.021837898 
697 275 138 140 0.021832539 
307 125 26 42 0.02142511 
408 332 117 128 0.021370146 
198 388 28 41 0.021278039 
96 496 115 120 0.021249663 
78 173 50 67 0.021084802 
648 416 11 14 0.021029169 
191 538 30 38 0.020938199 
659 51 27 36 0.020929633 
436 160 15 16 0.020891143 
23 670 13 16 0.020850452 
275 91 14 17 0.020849383 
206 134 19 25 0.02069374 
167 268 99 137 0.020527013 
333 105 27 37 0.020396953 
727 260 58 69 0.02033825 
654 56 195 231 0.020236937 
0 406 15 23 0.020146508 
495 364 230 284 0.02000595 
458 8 103 127 0.020002894 
