24_Soldier_Firing_Soldier_Firing_24_763
45
807 103 49 59 0.98004246 
551 316 43 56 0.97429794 
399 157 49 59 0.97231805 
120 111 42 53 0.93931764 
136 213 65 78 0.25623944 
604 129 13 16 0.15845618 
764 218 196 247 0.11970329 
413 178 132 137 0.1101377 
98 190 117 125 0.10778982 
378 286 35 41 0.09769972 
613 148 15 17 0.06554214 
8 255 349 376 0.05548618 
59 188 48 69 0.053878233 
742 64 371 416 0.035949107 
336 116 195 202 0.033208523 
479 195 61 64 0.033013064 
378 145 114 124 0.032266058 
780 428 120 134 0.03169404 
126 347 134 170 0.029991485 
61 162 112 129 0.029815719 
0 59 27 42 0.02860174 
930 5 33 45 0.027569273 
601 125 12 16 0.027048603 
442 212 70 71 0.026692431 
844 431 121 132 0.026422625 
251 118 29 36 0.025449535 
901 44 29 32 0.025086418 
747 52 176 204 0.02461159 
629 184 418 434 0.024247563 
611 133 11 13 0.024058547 
251 54 28 34 0.023300402 
299 500 31 32 0.022892732 
539 465 31 33 0.022389118 
237 288 51 70 0.021352936 
722 104 33 35 0.021154419 
992 7 30 39 0.021042248 
383 223 31 38 0.020824725 
864 348 56 76 0.020658113 
428 317 63 71 0.020573677 
346 408 117 129 0.020460084 
430 196 60 65 0.020306421 
307 103 349 391 0.020255847 
478 334 106 123 0.02021317 
549 500 32 31 0.020179959 
302 133 31 36 0.020151334 
