24_Soldier_Firing_Soldier_Firing_24_904
57
303 47 121 123 0.7563344 
387 33 267 314 0.5704999 
521 38 144 137 0.260294 
292 0 191 215 0.14365612 
439 138 157 159 0.13774833 
477 -15 322 371 0.12085199 
467 277 124 126 0.087405905 
188 371 55 55 0.085703224 
441 181 367 418 0.07816956 
255 27 354 457 0.07516805 
156 203 358 412 0.06809422 
361 187 221 267 0.0652233 
108 344 137 130 0.055815026 
658 -35 363 418 0.055668175 
514 95 161 170 0.051393818 
4 385 128 114 0.047693104 
167 343 110 107 0.047178917 
560 265 64 63 0.042912442 
250 -6 34 39 0.042651135 
406 263 126 142 0.042645644 
476 198 149 165 0.041806452 
670 52 150 164 0.04160936 
464 221 225 257 0.041382402 
44 351 148 140 0.03990037 
547 324 32 52 0.039304063 
234 276 226 255 0.034945276 
524 316 61 69 0.03343787 
567 267 130 126 0.033378907 
761 336 55 60 0.03197923 
245 369 61 74 0.029114433 
224 331 142 144 0.028888758 
476 411 54 62 0.028536445 
239 16 134 144 0.027082637 
159 373 65 62 0.026560973 
783 403 134 130 0.026539702 
745 22 60 74 0.026205791 
253 213 124 127 0.025708528 
471 207 34 41 0.025324348 
829 294 124 130 0.0248527 
521 291 116 122 0.024654936 
-8 289 384 409 0.024584506 
857 350 118 132 0.024582189 
83 346 228 248 0.024076125 
599 296 68 75 0.023483984 
747 280 125 131 0.023046078 
711 327 117 128 0.0228771 
261 346 68 74 0.02272015 
579 288 36 42 0.022710921 
347 214 139 147 0.021953741 
45 67 31 35 0.021648778 
405 184 145 161 0.021390168 
212 352 57 71 0.020981295 
-92 -47 393 456 0.020918427 
584 280 64 71 0.020567259 
475 440 57 62 0.020425934 
566 48 81 86 0.02038225 
-6 72 142 143 0.020349095 
