24_Soldier_Firing_Soldier_Firing_24_10
72
168 169 44 64 0.7635297 
261 229 16 18 0.20796035 
387 457 13 17 0.14787707 
200 691 30 29 0.11358999 
521 322 378 377 0.08774118 
140 164 49 65 0.077932075 
719 324 358 370 0.075398885 
79 381 54 68 0.057510562 
777 489 237 282 0.05004022 
520 308 13 15 0.04893325 
260 188 132 149 0.04861315 
288 220 12 14 0.048052337 
925 612 13 14 0.04636454 
270 212 10 13 0.044396106 
287 227 13 16 0.041817285 
214 573 13 17 0.0411863 
14 684 14 18 0.040848013 
304 506 12 16 0.039334416 
179 157 34 45 0.03811767 
29 326 132 150 0.0370371 
403 236 360 412 0.03481602 
188 -34 450 466 0.034716405 
238 699 11 13 0.034705855 
382 211 11 14 0.034169786 
187 175 29 44 0.03221891 
1 675 11 17 0.031668592 
371 416 16 19 0.031547986 
108 271 94 135 0.029527465 
796 475 13 16 0.029317891 
914 483 16 16 0.029014697 
281 115 202 249 0.02871017 
31 29 112 126 0.028479863 
565 696 12 14 0.028356085 
184 183 21 29 0.028311975 
914 588 126 140 0.02790227 
812 490 15 18 0.027769282 
288 637 12 16 0.02760999 
779 426 16 17 0.02747689 
405 213 11 12 0.027184475 
366 219 11 14 0.026799623 
589 557 30 31 0.02647576 
140 100 27 37 0.026433986 
617 194 389 411 0.026284356 
280 207 8 12 0.026279751 
186 465 111 141 0.026202118 
696 -78 390 394 0.025093714 
45 682 10 13 0.02474077 
268 577 126 165 0.024597736 
263 212 14 15 0.023980923 
152 104 16 20 0.023802567 
549 20 384 425 0.023610964 
201 250 27 32 0.0233074 
835 428 16 15 0.023271779 
203 163 27 37 0.023170307 
218 695 15 16 0.02312809 
38 684 11 13 0.022990976 
59 683 13 14 0.022972329 
141 157 104 130 0.02264472 
-31 592 140 155 0.022597473 
389 212 10 13 0.022521907 
892 484 13 14 0.02223499 
821 476 15 16 0.0220811 
141 322 15 18 0.021994093 
202 154 92 121 0.021454232 
143 285 58 71 0.021453593 
38 258 213 240 0.021443253 
277 274 14 17 0.02129428 
133 177 32 45 0.02128273 
573 696 11 13 0.020762378 
69 426 70 77 0.020211192 
779 435 16 14 0.02008702 
118 146 195 228 0.020021757 
