24_Soldier_Firing_Soldier_Firing_24_644
188
280 168 23 33 0.8092241 
207 151 24 34 0.6754227 
470 198 12 15 0.6386947 
462 214 13 16 0.60605854 
402 192 14 19 0.52757746 
51 95 20 28 0.47476977 
26 70 18 23 0.43248948 
587 282 16 20 0.32956412 
44 101 17 22 0.2756706 
544 279 23 31 0.23360147 
123 106 18 21 0.1931174 
10 90 14 19 0.18161535 
126 107 26 31 0.14832886 
110 362 16 20 0.14324404 
94 142 15 21 0.14051212 
553 287 18 23 0.13617234 
441 206 9 13 0.13476776 
96 133 24 31 0.127089 
139 99 16 20 0.11677276 
117 148 16 21 0.11546081 
595 285 11 14 0.11528284 
492 257 13 15 0.11363933 
390 189 20 28 0.11155219 
69 93 13 20 0.106325455 
445 210 10 13 0.10572264 
315 378 25 27 0.10228899 
464 206 12 16 0.10167874 
572 270 22 31 0.10050681 
314 178 24 29 0.09960824 
625 294 11 14 0.09919166 
353 185 15 20 0.09471102 
700 0 241 278 0.09191335 
643 424 373 403 0.091199584 
39 368 11 14 0.08799649 
165 299 11 15 0.08689916 
0 243 233 256 0.086502925 
461 290 24 31 0.08642984 
483 250 15 20 0.0831212 
-1 89 13 18 0.08023013 
203 328 17 24 0.072672054 
103 130 19 23 0.06742336 
219 293 16 19 0.06672803 
318 251 10 15 0.06615291 
403 171 17 22 0.065461665 
427 489 15 16 0.06464628 
458 217 13 19 0.063390106 
333 217 12 16 0.061460946 
107 125 25 34 0.05987142 
93 98 14 18 0.05947363 
396 178 23 34 0.059145104 
495 280 13 18 0.056929894 
348 192 15 19 0.056068517 
137 108 26 35 0.05490557 
638 281 10 12 0.054716974 
21 79 14 21 0.053512815 
323 190 15 20 0.053057764 
58 428 378 402 0.052590746 
381 198 16 20 0.052099016 
3 83 17 30 0.05155409 
59 110 15 20 0.051260073 
455 198 8 12 0.05033499 
453 206 11 14 0.04953024 
0 194 10 16 0.049219623 
571 122 420 456 0.047166795 
274 5 30 35 0.046579115 
236 440 389 416 0.045939703 
402 393 390 417 0.04554386 
488 198 11 14 0.045116924 
86 93 13 16 0.0447268 
457 433 15 20 0.04451656 
560 271 22 32 0.043875925 
29 219 10 15 0.04376105 
533 269 25 34 0.043300148 
46 234 14 18 0.042845793 
289 160 25 33 0.04256298 
478 339 13 19 0.042522527 
579 260 15 18 0.04246879 
612 -72 383 440 0.04211412 
317 258 10 14 0.042047445 
474 202 13 16 0.041569117 
349 180 14 20 0.040042777 
329 381 13 16 0.03898975 
515 415 61 80 0.038676612 
463 191 12 15 0.038669676 
469 270 24 34 0.037968032 
474 291 14 19 0.03796521 
11 71 22 32 0.037614297 
-103 152 392 419 0.037325364 
465 197 11 14 0.036687832 
410 177 16 21 0.036269818 
340 185 14 20 0.035731893 
43 80 23 30 0.034891278 
264 172 24 32 0.034361985 
119 118 29 40 0.03429942 
62 339 13 17 0.03390089 
255 11 200 239 0.033754416 
478 244 16 21 0.03321898 
449 25 141 147 0.03293268 
564 281 13 19 0.032786764 
45 105 27 36 0.03229266 
488 378 101 126 0.03224734 
145 105 17 21 0.032240264 
218 145 26 36 0.03177004 
334 252 10 14 0.031745102 
138 113 360 413 0.031610843 
296 294 9 12 0.031193204 
402 194 25 29 0.031142635 
515 302 388 415 0.030764157 
492 271 23 28 0.030703958 
625 298 15 18 0.030569158 
59 156 27 33 0.030340971 
74 96 14 18 0.029955398 
411 187 14 19 0.029635092 
105 100 43 50 0.029145887 
58 84 16 21 0.02871251 
460 332 26 32 0.028476717 
388 258 14 18 0.028193453 
269 185 29 39 0.028147496 
90 111 39 49 0.028115703 
157 101 12 17 0.02760157 
581 264 24 35 0.026898766 
488 289 142 149 0.026629332 
633 280 8 11 0.026615521 
606 287 9 13 0.026614273 
238 285 12 17 0.026582446 
291 176 23 29 0.026125949 
455 190 10 13 0.025601955 
553 274 19 25 0.025390988 
-63 507 419 446 0.025307588 
508 282 13 17 0.025136437 
334 334 12 15 0.025078688 
419 333 14 17 0.025015866 
34 79 15 19 0.024827212 
166 167 15 22 0.024702521 
322 32 121 125 0.024565779 
520 249 98 120 0.024551516 
334 355 12 14 0.024317652 
402 429 28 34 0.024197374 
141 -14 55 53 0.024131026 
-6 201 112 138 0.024070427 
59 96 20 29 0.023928972 
327 365 11 13 0.023889689 
486 277 13 17 0.023665244 
304 353 24 33 0.023537414 
13 61 14 16 0.02341488 
79 284 13 17 0.023306767 
304 299 10 13 0.023294348 
423 204 11 16 0.023255806 
560 303 29 37 0.023162723 
60 79 15 16 0.02305148 
310 294 11 14 0.023017708 
9 279 15 21 0.023007127 
116 93 23 32 0.022724107 
69 299 11 16 0.022666818 
332 186 12 17 0.022663437 
43 74 14 19 0.022645194 
320 358 24 32 0.022590337 
249 202 142 169 0.0225824 
307 365 25 35 0.02253418 
261 301 13 16 0.022423811 
594 -1 233 260 0.02229179 
438 199 11 14 0.022234447 
-3 265 123 145 0.022220254 
328 235 10 14 0.02220862 
526 52 123 140 0.022198247 
284 186 360 413 0.022020621 
190 108 13 16 0.021785809 
310 240 21 31 0.021723265 
218 9 56 63 0.021665616 
411 332 24 32 0.021539671 
404 165 14 17 0.021532476 
128 92 27 34 0.02126084 
143 135 46 55 0.020787634 
502 198 225 262 0.020745443 
179 114 16 18 0.020707678 
216 292 24 35 0.02065105 
574 283 27 33 0.020619147 
645 280 11 12 0.020603657 
310 166 96 121 0.020583 
316 374 15 18 0.020557815 
365 164 98 135 0.020518156 
186 125 17 20 0.020419557 
255 150 11 15 0.020388495 
737 -145 456 489 0.020365827 
29 203 12 14 0.020240918 
0 75 10 18 0.020201929 
80 92 21 28 0.020090882 
797 892 14 15 0.02005764 
