24_Soldier_Firing_Soldier_Firing_24_812
50
850 240 222 286 0.4146614 
762 91 65 73 0.4063603 
-67 -6 356 354 0.13472517 
334 40 237 284 0.11871201 
340 291 343 372 0.09186954 
291 191 143 157 0.08988404 
683 224 161 178 0.07682904 
931 -1 45 46 0.07399509 
494 342 344 395 0.07207667 
673 376 152 151 0.07126768 
714 76 168 205 0.06195837 
0 444 203 261 0.056414615 
207 -5 143 140 0.052852355 
858 214 144 156 0.052338414 
268 94 376 417 0.050459653 
830 277 147 205 0.049305912 
709 185 327 399 0.049136862 
895 39 35 45 0.047057908 
736 63 106 129 0.046148833 
37 313 414 509 0.044198975 
385 -8 148 156 0.042874977 
243 566 52 55 0.040739533 
771 173 59 58 0.040077705 
223 328 171 170 0.039398614 
654 387 228 262 0.039068125 
180 215 356 399 0.038194507 
854 559 12 13 0.03259417 
198 393 241 298 0.03027694 
117 -12 161 170 0.027795138 
821 41 230 286 0.026523408 
103 470 219 258 0.0255728 
-32 227 380 424 0.025399437 
743 189 129 141 0.024299325 
803 204 59 70 0.024028068 
-19 1 149 162 0.023783196 
800 101 35 46 0.023313282 
365 621 13 14 0.023304977 
810 563 15 16 0.023186976 
772 533 13 15 0.023090882 
959 1 47 50 0.022858366 
784 66 114 133 0.022577092 
605 504 123 170 0.021891413 
490 186 36 40 0.021310214 
187 565 12 14 0.021306723 
736 419 210 277 0.021020522 
853 570 16 18 0.02100776 
179 212 135 140 0.02059726 
183 571 11 14 0.02048723 
767 187 35 42 0.02001927 
208 574 11 13 0.02001621 
