24_Soldier_Firing_Soldier_Firing_24_901
63
845 232 64 81 0.99302226 
455 91 99 114 0.9916323 
693 146 72 97 0.9848091 
925 171 88 105 0.97605735 
98 232 89 102 0.9643453 
647 226 28 35 0.31862548 
101 590 134 168 0.14528479 
817 591 48 66 0.104531944 
364 308 226 270 0.06871814 
702 304 112 142 0.064325154 
66 519 208 280 0.06403113 
401 214 55 55 0.05847159 
369 692 10 12 0.05631281 
203 589 13 16 0.053804208 
-62 385 405 495 0.052905265 
629 541 12 15 0.04950174 
105 358 167 173 0.04650245 
13 323 12 16 0.044222403 
803 664 20 24 0.040083725 
138 653 72 86 0.037324835 
888 198 84 103 0.035814345 
335 189 10 13 0.034739997 
296 39 50 59 0.03152967 
268 -4 28 31 0.03132142 
612 0 16 18 0.030987326 
778 433 94 122 0.029471034 
275 394 418 470 0.029399773 
432 35 164 188 0.028806658 
490 64 15 17 0.028557327 
420 109 100 117 0.028189253 
336 213 10 12 0.027921015 
414 205 34 42 0.027465021 
310 725 9 13 0.025958164 
-32 -45 398 439 0.025812684 
307 232 356 429 0.025533464 
708 473 146 162 0.02537048 
603 576 16 19 0.025128983 
181 277 28 46 0.024940383 
739 324 136 160 0.024936987 
369 710 8 12 0.024632232 
806 446 61 68 0.024481028 
784 38 133 133 0.024197336 
276 -1 15 19 0.023851521 
651 210 45 61 0.023565201 
956 509 14 14 0.023444708 
6 316 13 16 0.02342462 
260 698 48 58 0.023375109 
778 370 123 143 0.02321763 
894 550 35 43 0.02301715 
388 229 52 60 0.022954067 
729 196 41 48 0.022911377 
350 707 13 15 0.022900933 
6 341 26 41 0.022898 
867 33 16 19 0.022312876 
27 385 168 196 0.022302888 
881 524 55 62 0.021994345 
708 55 203 256 0.021480046 
640 235 30 41 0.02068463 
23 315 13 17 0.02062655 
707 359 67 95 0.020624375 
569 151 52 65 0.020470008 
827 227 116 133 0.02024805 
65 -48 242 255 0.020196805 
