24_Soldier_Firing_Soldier_Firing_24_268
106
474 445 130 152 0.9972638 
863 820 60 87 0.54099137 
76 723 350 375 0.5027821 
822 797 101 134 0.31938553 
494 625 163 147 0.23554324 
922 851 110 143 0.20865975 
718 437 11 14 0.1990648 
707 14 107 111 0.19473958 
340 438 172 192 0.17521994 
346 910 128 130 0.1327914 
691 402 116 125 0.12785651 
842 635 119 124 0.11941128 
229 806 278 286 0.11519639 
590 821 199 234 0.11168428 
605 841 117 142 0.09447611 
479 679 154 150 0.07991886 
353 3 270 290 0.078660876 
479 379 135 152 0.0774833 
63 43 250 289 0.063251056 
-44 832 187 209 0.061062235 
719 442 70 74 0.05972103 
408 414 156 196 0.05798319 
468 1104 130 133 0.057234034 
683 886 61 77 0.0545681 
491 591 123 127 0.054566894 
478 -34 374 408 0.054499988 
481 721 408 454 0.05436528 
578 882 66 72 0.05354563 
289 680 355 434 0.053263336 
273 458 201 239 0.05078267 
579 877 107 127 0.050234642 
434 318 229 282 0.049266048 
543 639 67 72 0.04791008 
286 1068 152 147 0.047044314 
177 -44 400 411 0.04556904 
51 836 155 149 0.045487024 
353 1128 132 127 0.04419855 
509 370 68 66 0.042527903 
381 517 71 79 0.04244197 
341 40 398 426 0.042097032 
648 330 212 223 0.040332567 
-16 597 376 398 0.038774904 
-145 745 447 482 0.03877402 
578 188 392 400 0.037916735 
389 613 55 60 0.036546312 
517 1126 122 130 0.034744594 
877 817 86 122 0.03407871 
-1 1147 13 19 0.033725563 
927 841 57 82 0.03367864 
582 586 152 141 0.03331285 
392 944 69 68 0.03282081 
-23 75 373 422 0.03268085 
257 507 9 12 0.0322664 
368 956 71 74 0.031694412 
627 11 381 408 0.03155402 
683 -8 195 218 0.031325057 
834 1162 32 40 0.030660748 
609 475 17 22 0.03057239 
694 32 65 71 0.030569497 
467 331 140 134 0.029048324 
547 867 56 70 0.028210165 
-4 1049 114 116 0.027991792 
356 33 151 154 0.027101647 
262 14 234 272 0.026914371 
671 747 238 262 0.02676894 
373 669 119 126 0.026759986 
131 395 242 287 0.026753336 
148 883 16 16 0.026670035 
140 -7 243 274 0.02616663 
501 577 66 71 0.025884181 
515 424 130 140 0.02581124 
789 8 235 263 0.025573766 
285 917 151 157 0.025099812 
-5 1121 127 130 0.024695255 
637 469 14 17 0.024622528 
766 218 183 180 0.024554187 
3 892 53 74 0.024550159 
379 829 352 417 0.02437124 
781 761 175 206 0.024298176 
379 517 15 18 0.024250897 
726 15 61 77 0.024146039 
508 855 48 57 0.023786822 
54 1037 135 139 0.023640221 
411 1109 133 138 0.023503048 
657 855 106 117 0.022666113 
481 386 384 416 0.022352478 
276 530 13 14 0.022067964 
534 846 103 115 0.022054993 
40 314 398 467 0.022035439 
531 1077 15 15 0.021775605 
498 832 48 58 0.021729508 
0 1131 11 16 0.021499747 
-7 921 52 71 0.02142907 
710 1111 129 137 0.021421893 
866 663 66 75 0.021292528 
747 676 17 15 0.021203559 
374 919 70 72 0.021147393 
658 11 117 128 0.021045133 
638 433 129 131 0.020625135 
1 779 29 36 0.020587407 
484 562 15 17 0.0205449 
467 220 28 32 0.020517493 
606 766 159 161 0.020504897 
868 786 191 225 0.020470778 
-13 965 139 142 0.020455156 
55 460 31 32 0.02028915 
