24_Soldier_Firing_Soldier_Firing_24_15
192
483 210 132 155 0.99830425 
644 316 178 228 0.9499992 
-19 1235 229 266 0.4575737 
739 264 19 22 0.45002958 
78 1099 240 299 0.3927769 
640 1017 116 120 0.38001612 
198 504 122 139 0.30844873 
505 170 175 228 0.27405223 
283 1049 353 355 0.27138272 
321 921 52 81 0.22821353 
7 1001 266 314 0.22482805 
-4 839 357 399 0.17324603 
353 1256 367 389 0.15851684 
608 1224 26 34 0.15633625 
747 967 334 379 0.14197494 
532 236 348 409 0.14012694 
841 733 106 131 0.13982469 
837 804 123 177 0.13889147 
206 475 203 228 0.12959297 
815 706 178 211 0.125187 
606 1317 137 160 0.12515713 
471 141 129 154 0.10982619 
-16 1136 357 430 0.10947657 
762 1127 347 392 0.09477009 
237 780 200 254 0.09360196 
122 421 352 390 0.09328274 
463 875 14 18 0.09176744 
820 1215 185 190 0.09169095 
275 1131 26 40 0.088735655 
-15 1289 134 176 0.088486426 
648 966 193 231 0.085493065 
335 979 140 146 0.08391777 
-19 1033 140 157 0.08253408 
315 954 244 291 0.08142099 
426 1118 151 161 0.08125302 
36 619 384 427 0.07896437 
210 520 70 88 0.078226745 
920 1114 100 167 0.075927794 
640 1274 146 166 0.068049096 
68 1030 162 192 0.06725607 
692 1101 129 146 0.06519237 
794 912 110 139 0.065128446 
958 1158 58 88 0.06361443 
654 1049 73 74 0.06354531 
532 556 354 418 0.06302988 
798 949 54 78 0.06143912 
442 1144 338 394 0.060048155 
841 1013 52 67 0.059796683 
799 1002 28 48 0.058751646 
281 1335 150 151 0.058317304 
925 982 26 42 0.057060465 
304 752 332 438 0.056468796 
415 419 354 430 0.056461092 
411 456 15 18 0.055095218 
494 751 369 433 0.054763187 
621 1216 28 39 0.052659698 
175 242 376 426 0.051723495 
587 1279 231 265 0.051294863 
290 865 98 136 0.0510112 
171 866 368 483 0.050734244 
562 468 16 20 0.050649863 
923 492 56 83 0.048811268 
771 1272 30 42 0.048130393 
507 1138 128 142 0.047325306 
349 218 342 426 0.046601392 
741 783 347 399 0.04643512 
793 991 120 134 0.04620789 
265 740 145 176 0.04616063 
390 431 122 133 0.04559225 
414 276 191 240 0.04430182 
605 1196 49 62 0.043614462 
142 814 222 257 0.043361757 
640 1034 361 421 0.042115156 
869 488 71 87 0.04176655 
864 661 111 132 0.040831942 
170 1164 227 294 0.04074596 
660 274 51 59 0.040273394 
882 1052 121 146 0.04003049 
727 255 23 32 0.039496697 
492 373 15 18 0.03909948 
839 1096 122 152 0.03908524 
890 841 154 156 0.038823076 
284 547 16 19 0.038750473 
610 370 144 156 0.03851709 
203 509 16 20 0.03839349 
576 837 158 170 0.037939254 
376 1003 72 86 0.03792273 
447 1094 229 278 0.03750746 
2 64 130 138 0.036513638 
566 1163 57 67 0.036413595 
437 914 16 20 0.03487096 
837 441 124 137 0.03458332 
615 274 33 43 0.034492765 
922 622 17 23 0.0342193 
670 1150 152 179 0.03405828 
148 1055 364 494 0.03400068 
818 1007 55 70 0.033966843 
304 898 56 83 0.033855308 
412 590 142 160 0.033849742 
631 281 17 21 0.033783738 
266 1184 24 36 0.033461485 
741 933 125 136 0.033145733 
551 459 171 165 0.032693893 
552 635 22 24 0.03219311 
420 873 144 156 0.032190405 
211 1007 120 149 0.032091614 
459 858 13 16 0.03175731 
522 322 133 153 0.03113727 
53 1134 168 190 0.031110179 
724 626 39 52 0.030870166 
430 121 354 388 0.030439679 
-8 593 133 132 0.030228605 
610 890 325 387 0.030137526 
757 1064 17 24 0.029268304 
584 1030 130 140 0.029175064 
922 964 47 62 0.029015433 
685 357 228 274 0.028978469 
450 194 118 140 0.02874662 
737 444 37 41 0.028456256 
592 583 156 173 0.028437318 
620 1232 133 144 0.028117666 
304 798 120 155 0.027368428 
53 1059 12 16 0.027268648 
788 982 53 73 0.02719889 
341 901 57 84 0.026901245 
817 919 66 85 0.02689985 
485 883 29 35 0.026844269 
231 1315 110 145 0.026723519 
352 849 119 147 0.0267001 
405 505 15 19 0.026691768 
561 402 53 73 0.026348893 
909 1080 68 85 0.026125932 
575 209 112 133 0.025882209 
150 326 138 136 0.025868822 
5 1074 55 76 0.025648579 
954 921 69 81 0.025504274 
0 517 33 48 0.025358343 
483 816 49 71 0.02504156 
456 472 180 182 0.025041094 
150 379 236 267 0.024665039 
107 854 31 33 0.024604823 
909 1027 16 20 0.024469145 
60 712 59 65 0.024393981 
763 883 212 257 0.024267402 
342 1026 70 80 0.024227904 
683 732 14 17 0.02398463 
268 711 57 60 0.02371017 
480 151 69 85 0.023376077 
662 377 385 453 0.023316715 
543 404 251 281 0.023251485 
754 1052 26 42 0.023237132 
394 988 137 145 0.023234582 
-2 -69 419 438 0.023114972 
917 904 133 146 0.023058435 
380 511 24 35 0.023042433 
244 909 231 289 0.022984222 
-2 1063 182 194 0.02288486 
855 879 62 80 0.022693869 
471 603 263 314 0.022690382 
723 -15 250 269 0.022505429 
686 1290 69 76 0.02240329 
359 772 123 151 0.022330767 
123 493 33 38 0.022277514 
273 1068 118 145 0.022105716 
320 365 141 145 0.021997893 
788 1349 225 266 0.021993035 
269 586 148 147 0.021961592 
218 1248 229 286 0.021773417 
382 574 55 72 0.021521918 
465 369 18 20 0.021518001 
307 692 145 168 0.021461243 
837 279 129 137 0.021450369 
123 1285 30 36 0.021342678 
862 1005 54 67 0.021333465 
642 267 51 57 0.021313535 
34 659 141 138 0.021292651 
752 270 123 147 0.021182653 
930 979 17 22 0.021134533 
773 421 15 16 0.02086805 
888 675 61 77 0.020774698 
816 871 113 142 0.020722363 
170 1196 135 175 0.020633219 
570 909 155 160 0.020547355 
268 742 63 68 0.02053941 
901 981 152 188 0.020433543 
333 972 31 44 0.020428473 
104 869 27 36 0.020291202 
485 376 17 23 0.020210704 
206 877 132 160 0.020181041 
261 1164 33 42 0.020138374 
577 1202 105 114 0.020093268 
717 719 137 155 0.02000298 
