24_Soldier_Firing_Soldier_Firing_24_702
126
174 56 50 62 0.98840475 
833 78 38 54 0.97056043 
385 166 20 26 0.63146985 
395 171 16 19 0.6117471 
644 112 18 23 0.52708185 
418 171 15 19 0.35787562 
729 258 48 53 0.2788183 
557 277 25 33 0.27372232 
370 147 12 15 0.27330148 
346 131 10 13 0.2271614 
678 271 24 30 0.21228981 
680 237 15 20 0.21011616 
635 119 16 22 0.2038453 
278 369 26 37 0.19154444 
267 121 29 36 0.097056955 
-1 525 13 19 0.094161816 
332 156 12 15 0.08366576 
470 169 13 16 0.08285377 
528 147 10 12 0.081946686 
631 118 13 17 0.07349436 
479 317 144 145 0.07227077 
303 396 51 69 0.0621301 
226 191 329 397 0.05923818 
815 98 30 48 0.053605873 
231 370 46 58 0.05220789 
947 153 16 17 0.05077128 
402 163 19 31 0.050352674 
413 203 16 19 0.050091494 
22 523 11 16 0.048942152 
595 257 54 69 0.048795316 
552 385 147 162 0.04740241 
340 148 11 15 0.046260756 
405 166 13 18 0.04540999 
157 309 108 130 0.043501068 
472 161 25 30 0.042673163 
74 38 17 20 0.042223677 
329 163 11 16 0.04130375 
723 267 155 165 0.041248187 
335 149 10 15 0.040789206 
502 163 10 13 0.040764753 
476 170 15 17 0.040009584 
673 239 28 31 0.038521025 
638 98 21 34 0.037512034 
568 280 18 24 0.037240166 
323 220 17 20 0.0359526 
667 273 25 37 0.03512186 
389 156 15 20 0.035087593 
508 204 17 17 0.03482965 
342 138 11 15 0.034604594 
972 362 55 63 0.033561222 
390 151 12 14 0.033448134 
296 519 26 33 0.033374038 
361 149 11 14 0.033016715 
366 142 19 24 0.032996856 
265 503 10 14 0.032741867 
638 101 13 18 0.032585114 
360 155 12 15 0.032357104 
631 126 14 19 0.032254454 
328 141 9 13 0.031991944 
511 172 12 15 0.031677652 
253 -3 29 30 0.031465806 
578 166 27 33 0.03096925 
257 370 40 47 0.030654497 
503 199 27 29 0.029898787 
371 152 15 17 0.02939667 
669 254 32 40 0.029151252 
364 151 14 17 0.029018907 
350 163 10 13 0.02878888 
446 217 357 409 0.028551728 
19 379 34 38 0.028349577 
301 122 13 18 0.02762633 
360 126 9 11 0.027494187 
61 393 17 23 0.027277678 
398 1 120 133 0.02715668 
678 116 11 15 0.02709545 
493 186 15 18 0.026963625 
656 107 18 23 0.026662312 
646 233 15 20 0.026329283 
926 110 114 120 0.026294671 
325 32 121 133 0.025610756 
404 279 214 237 0.025576223 
691 275 24 32 0.025521548 
189 540 17 19 0.024921821 
377 169 14 20 0.02472649 
586 200 101 126 0.024539616 
317 145 109 126 0.024462376 
709 246 117 135 0.024389451 
181 2 18 20 0.02434213 
929 351 111 121 0.02395899 
198 110 121 171 0.023940343 
474 -19 131 137 0.023755463 
667 267 16 22 0.023652975 
685 267 46 52 0.023576232 
915 280 16 19 0.023449501 
44 440 122 125 0.02323092 
481 179 17 17 0.023059169 
631 101 10 14 0.023005145 
59 486 36 38 0.022954317 
709 227 28 38 0.022899969 
844 452 97 123 0.022799453 
-1 486 11 19 0.022670008 
449 300 122 130 0.022640035 
280 117 24 34 0.022632357 
862 363 12 15 0.022585765 
-10 241 127 133 0.022420593 
712 432 109 124 0.022412034 
689 268 16 22 0.022227613 
336 125 9 12 0.022133293 
341 126 18 24 0.022063294 
414 159 13 18 0.021890793 
487 -44 230 274 0.021887526 
380 155 22 30 0.021838883 
107 384 16 21 0.021681193 
840 87 25 30 0.021522433 
267 10 35 36 0.021264236 
312 278 140 148 0.021075854 
987 492 34 34 0.02101125 
318 117 11 15 0.020839412 
405 205 23 29 0.020756682 
30 525 12 16 0.020722864 
171 7 34 41 0.020661604 
379 157 123 133 0.020561416 
631 110 12 15 0.020508906 
717 158 12 13 0.02050415 
570 63 415 445 0.020493537 
446 173 12 14 0.020113725 
