24_Soldier_Firing_Soldier_Firing_24_133
110
481 301 47 59 0.9400474 
540 426 27 42 0.19106826 
112 175 119 142 0.14248995 
-17 249 196 229 0.13695844 
0 274 109 132 0.108099915 
-27 39 383 408 0.09992681 
647 253 9 12 0.09877255 
545 250 125 150 0.09734666 
531 393 26 34 0.09625546 
678 210 110 129 0.083225824 
33 70 47 71 0.07589847 
-143 164 416 466 0.07116329 
493 449 45 53 0.069158934 
49 137 244 254 0.062226035 
262 162 53 79 0.06176464 
671 234 12 15 0.060963698 
19 50 95 115 0.058162745 
607 234 103 128 0.055392094 
458 282 81 99 0.055388387 
697 320 112 134 0.055153213 
592 452 9 12 0.053619847 
94 437 11 14 0.0508729 
197 341 130 157 0.05025527 
689 241 131 156 0.045004718 
386 355 36 39 0.04432755 
19 304 59 79 0.043070294 
219 66 200 231 0.041253746 
532 308 91 124 0.04114197 
438 285 26 34 0.040733658 
411 457 17 23 0.03890923 
444 285 15 19 0.037702736 
520 391 45 57 0.03750217 
565 370 44 63 0.035256457 
700 392 14 16 0.034969833 
126 189 62 76 0.034063 
566 321 13 19 0.033954643 
99 -45 363 421 0.03390605 
358 434 112 121 0.033819284 
428 303 15 18 0.033012137 
163 252 66 66 0.032709084 
646 216 85 114 0.03242417 
35 125 121 142 0.032386247 
496 103 33 42 0.032367606 
265 339 130 142 0.032149635 
153 199 68 84 0.031623393 
189 376 49 58 0.030801266 
312 157 113 128 0.029188318 
498 317 20 27 0.029119365 
597 396 9 14 0.028839389 
99 437 12 15 0.028480757 
142 209 132 136 0.0283609 
557 321 14 19 0.02825595 
273 144 95 108 0.028224519 
0 355 11 17 0.027802039 
557 367 28 38 0.02765209 
640 342 215 253 0.027557725 
564 333 54 75 0.027392138 
-7 56 51 77 0.027290374 
541 377 44 63 0.026729627 
377 440 54 81 0.026664399 
175 100 135 143 0.026601542 
575 307 12 15 0.026273007 
522 427 39 56 0.025893077 
684 206 218 262 0.025461467 
370 539 25 29 0.02523832 
575 411 26 39 0.025158403 
696 68 31 40 0.025156815 
639 259 9 12 0.02494973 
487 309 97 116 0.024937646 
95 432 10 12 0.024687165 
117 428 13 14 0.024448099 
698 57 54 61 0.024258194 
1 217 47 65 0.02404942 
92 444 12 13 0.024033513 
588 278 412 403 0.023883618 
89 202 60 71 0.023573337 
700 33 386 415 0.023536077 
238 246 35 43 0.023506628 
-5 246 54 84 0.023334844 
810 228 15 17 0.0231796 
103 166 61 68 0.023175161 
141 231 70 71 0.022999518 
457 332 106 129 0.022815028 
541 405 29 45 0.022807632 
117 421 13 15 0.022560062 
3 414 30 31 0.022544952 
95 218 30 39 0.022507606 
877 6 34 43 0.02222447 
401 317 27 36 0.021836795 
718 372 12 12 0.02173442 
202 376 27 39 0.021583088 
16 318 128 134 0.021525595 
488 83 411 477 0.021522753 
90 151 18 21 0.021507675 
187 281 33 38 0.021474464 
2 393 14 17 0.021393241 
664 237 9 11 0.02135584 
276 84 26 32 0.021290889 
95 421 10 12 0.021259582 
-24 239 96 125 0.021149384 
354 346 55 57 0.020866418 
524 298 27 36 0.02079138 
417 302 108 115 0.020786108 
546 311 24 34 0.020526525 
403 447 30 40 0.020510223 
539 372 31 41 0.020457515 
584 452 10 12 0.020286225 
46 196 120 137 0.020233288 
204 354 57 69 0.020198125 
576 426 44 59 0.020111114 
