24_Soldier_Firing_Soldier_Firing_24_691
147
270 306 30 38 0.9954845 
237 214 23 33 0.9919064 
295 276 23 32 0.9916842 
264 268 24 30 0.97201794 
547 271 21 26 0.97048664 
417 336 25 33 0.97038764 
505 311 24 32 0.9539971 
667 315 22 32 0.9454449 
621 305 22 29 0.93564755 
775 317 30 41 0.93356 
739 293 27 34 0.9155858 
365 304 21 27 0.906051 
956 304 17 22 0.8885406 
579 268 19 23 0.85686904 
97 110 32 58 0.8423145 
408 246 22 28 0.80040413 
823 302 23 27 0.781878 
560 325 22 28 0.78035754 
440 311 20 24 0.76873416 
879 452 26 42 0.64751464 
822 382 31 43 0.6176772 
879 326 29 39 0.2982253 
103 412 54 69 0.27957413 
222 86 36 43 0.27090025 
340 338 14 19 0.24311545 
173 135 11 16 0.18737012 
277 269 23 31 0.15498519 
814 299 23 29 0.15321699 
202 171 26 37 0.14007646 
726 312 14 19 0.10776632 
430 181 15 17 0.08181834 
318 330 14 17 0.075360365 
197 126 10 15 0.072831176 
804 357 49 63 0.07133644 
474 409 14 17 0.067747205 
44 109 47 73 0.06697263 
275 290 37 43 0.06622458 
279 272 35 44 0.06439372 
187 155 42 59 0.06252263 
806 305 15 21 0.061656475 
893 455 28 41 0.060417525 
919 333 29 38 0.057204593 
950 302 16 18 0.05544875 
439 429 30 36 0.05235275 
187 155 14 20 0.049363025 
527 348 13 19 0.049112897 
425 182 24 27 0.0490146 
460 340 16 20 0.047324877 
513 401 14 19 0.04688969 
394 322 13 18 0.04635028 
530 354 14 17 0.042375877 
583 279 16 20 0.042195432 
533 370 15 20 0.041986052 
37 117 25 37 0.039086174 
862 327 43 55 0.038873393 
746 288 40 52 0.037730746 
466 351 16 22 0.036581617 
525 93 11 13 0.036283035 
723 410 12 17 0.034994893 
929 468 27 36 0.03498183 
415 310 113 141 0.03488751 
971 307 12 16 0.034876104 
25 118 42 60 0.034583822 
917 319 25 39 0.034376755 
600 111 27 32 0.033518948 
945 345 16 22 0.033313494 
934 317 13 19 0.032943644 
610 291 37 46 0.032244455 
440 377 158 168 0.031908724 
430 305 23 30 0.031154092 
719 123 52 64 0.031152237 
220 452 145 153 0.031114595 
935 309 11 15 0.030646466 
196 154 11 15 0.030181888 
428 318 29 36 0.02990088 
587 426 12 16 0.029797338 
802 369 25 37 0.0294835 
442 470 32 33 0.029168615 
957 499 17 20 0.028490474 
271 522 143 145 0.028483128 
545 421 13 14 0.0284456 
172 145 26 39 0.02836165 
648 182 55 63 0.02825673 
15 133 9 12 0.028140858 
378 364 14 17 0.02807894 
820 397 19 22 0.028057702 
878 334 17 24 0.027941283 
35 153 14 21 0.027843906 
510 408 15 18 0.027436666 
757 189 29 37 0.027178371 
325 278 13 16 0.026027292 
12 157 10 13 0.025991317 
752 209 31 37 0.025924934 
452 345 17 22 0.02580755 
781 321 44 60 0.025778135 
406 332 25 29 0.02567723 
308 317 12 15 0.025542507 
751 299 20 23 0.025436472 
176 486 148 148 0.02506713 
792 316 25 37 0.024529414 
595 269 13 17 0.024463639 
938 391 31 38 0.024394045 
869 309 13 17 0.024353666 
652 317 27 30 0.024262892 
651 316 16 18 0.024165787 
787 217 33 36 0.023753913 
-29 343 128 137 0.023744589 
765 268 13 13 0.023665939 
901 219 27 33 0.02349411 
687 139 53 60 0.023239955 
334 124 51 59 0.022847624 
703 105 52 61 0.022784071 
736 105 51 67 0.022625316 
273 557 37 41 0.022594359 
727 304 22 29 0.022537645 
708 108 107 125 0.022464374 
244 677 30 33 0.022409448 
374 306 17 21 0.022407072 
846 346 49 60 0.022226797 
170 131 21 28 0.022221548 
799 306 25 36 0.02220739 
642 218 371 427 0.022200732 
168 133 12 16 0.021980686 
179 72 26 37 0.021877972 
732 292 16 18 0.02186931 
-3 344 57 64 0.021860143 
532 339 12 17 0.02171098 
745 124 58 70 0.021693677 
191 -38 210 256 0.021463374 
647 342 14 19 0.021453818 
659 196 33 38 0.02139301 
359 296 36 44 0.021365397 
710 333 13 17 0.021339677 
652 573 126 135 0.021310845 
883 124 133 138 0.021247452 
744 603 125 136 0.020875791 
185 106 16 20 0.020815266 
7 141 10 11 0.020560019 
770 291 13 18 0.020518284 
526 101 10 12 0.020435743 
884 312 47 53 0.020347878 
932 448 29 45 0.020326957 
848 394 27 32 0.020257013 
841 161 51 60 0.02018809 
379 494 235 269 0.02015579 
840 306 15 20 0.020051893 
546 443 15 17 0.020046707 
