24_Soldier_Firing_Soldier_Firing_24_931
152
496 95 71 84 0.9837427 
363 66 24 29 0.9582765 
257 50 23 29 0.7712925 
437 56 19 22 0.6673539 
732 57 22 28 0.55378807 
915 94 12 15 0.5438682 
837 110 10 14 0.3467008 
557 55 48 66 0.26160595 
626 118 103 116 0.2458486 
745 58 16 21 0.19203405 
877 110 9 12 0.19034152 
421 59 14 18 0.16225094 
878 117 11 14 0.14680076 
429 58 15 20 0.13198736 
894 108 11 13 0.10293594 
334 170 11 14 0.093823686 
725 58 17 22 0.09216543 
859 116 12 15 0.0896742 
904 123 10 13 0.08645056 
903 104 9 11 0.085338905 
872 117 10 13 0.08447941 
903 109 9 12 0.08339076 
833 111 10 13 0.0773803 
420 207 148 175 0.075790636 
317 159 13 17 0.06933331 
832 116 9 13 0.06913933 
469 61 12 16 0.067856684 
909 122 12 15 0.067017324 
879 123 12 14 0.065127395 
924 115 11 15 0.06348141 
754 58 13 18 0.06302488 
918 117 12 14 0.061646238 
888 109 10 13 0.060161576 
508 61 88 101 0.05940669 
829 132 11 14 0.05693062 
869 138 11 15 0.056492668 
632 212 46 59 0.056038894 
917 89 11 14 0.04846924 
23 110 60 92 0.047980204 
638 106 63 89 0.04753139 
467 67 13 18 0.047479775 
845 110 11 14 0.045938384 
570 84 35 58 0.044981174 
625 166 76 116 0.044737026 
443 69 16 21 0.044206854 
684 207 115 124 0.043550123 
471 107 14 17 0.042146254 
829 140 12 16 0.04187937 
448 101 151 180 0.041523173 
529 28 35 35 0.041288555 
918 109 11 12 0.04037024 
955 161 57 66 0.039402533 
314 115 391 431 0.038325537 
525 28 55 57 0.038304605 
913 88 10 12 0.037432563 
904 117 9 13 0.037233334 
927 111 9 12 0.03644176 
617 275 20 23 0.03505825 
633 140 52 81 0.03501593 
844 131 12 16 0.035012417 
276 58 12 18 0.03483424 
873 104 9 11 0.034021746 
854 111 13 17 0.033325154 
923 93 11 13 0.032458566 
871 123 11 13 0.031212885 
284 213 118 141 0.03077865 
476 67 13 17 0.0301721 
903 132 10 12 0.029932702 
790 104 87 113 0.02987656 
564 33 56 68 0.029852744 
823 140 11 14 0.029723456 
824 131 10 13 0.029714972 
721 61 33 43 0.029704388 
902 141 10 13 0.029338272 
665 177 99 122 0.029331572 
910 108 10 13 0.02900222 
885 117 11 14 0.028977577 
838 131 13 15 0.028832225 
-39 528 240 275 0.028522171 
453 231 15 20 0.02838061 
748 45 14 19 0.028277148 
864 139 11 14 0.028169638 
904 94 9 12 0.027912386 
848 115 10 14 0.027814427 
888 103 10 13 0.027033772 
753 456 252 279 0.02670642 
474 77 28 38 0.026358897 
944 149 107 117 0.02629826 
672 93 103 114 0.026224118 
718 51 14 18 0.026023481 
404 228 11 15 0.025851911 
721 249 110 119 0.025624055 
937 160 10 12 0.025457483 
892 540 238 252 0.025437722 
109 222 129 130 0.025049478 
837 73 99 124 0.024992334 
253 246 14 16 0.024930377 
479 41 48 65 0.024853446 
765 229 223 261 0.02445002 
544 302 51 58 0.024227459 
876 130 14 17 0.024214419 
-3 81 227 279 0.02409709 
491 59 61 83 0.023997312 
523 315 28 38 0.023984458 
357 67 18 21 0.023770679 
340 320 28 30 0.023759259 
267 43 15 22 0.02356022 
205 197 118 138 0.023500636 
736 44 24 34 0.023321928 
415 227 12 17 0.023208737 
266 53 23 31 0.023186672 
939 165 10 13 0.02318278 
26 135 112 127 0.023155406 
683 346 419 497 0.02314777 
247 46 23 34 0.023002721 
904 86 9 13 0.022649119 
350 68 15 18 0.022620026 
525 29 89 105 0.022516703 
321 180 107 144 0.022511812 
770 109 23 40 0.022381643 
1015 165 8 13 0.022332909 
839 104 11 14 0.022308784 
661 327 66 79 0.021886474 
552 31 19 22 0.02185919 
531 329 18 21 0.02167055 
415 59 14 17 0.021652777 
548 266 17 19 0.02161871 
823 118 11 13 0.021596454 
500 291 14 18 0.021451531 
30 55 120 140 0.021350885 
361 249 37 42 0.021214811 
938 179 57 70 0.021210268 
958 108 53 63 0.02118899 
823 111 10 14 0.021106673 
277 181 11 13 0.021059558 
79 454 255 279 0.020980697 
624 454 254 279 0.020921813 
438 39 13 15 0.020862738 
855 120 12 16 0.020813186 
496 454 254 279 0.020677555 
907 189 11 13 0.02066369 
465 124 29 38 0.020600308 
208 454 254 279 0.020584239 
934 110 10 12 0.020539524 
863 134 11 13 0.02051561 
336 454 254 279 0.0204463 
940 130 12 16 0.020253329 
828 209 14 17 0.020166762 
688 296 113 134 0.020153204 
632 117 189 219 0.020148516 
875 138 12 15 0.020079268 
959 124 10 14 0.0200356 
