24_Soldier_Firing_Soldier_Firing_24_540
211
154 691 104 119 0.97470474 
64 681 110 133 0.76005566 
422 645 112 131 0.51083446 
93 871 139 129 0.40822354 
368 1320 85 107 0.30819306 
516 1205 129 158 0.30154136 
599 1406 105 127 0.23450072 
322 828 51 63 0.18557231 
480 1182 207 262 0.1767589 
301 1096 30 42 0.1705309 
692 928 48 71 0.16443193 
81 727 66 78 0.15714133 
619 1425 65 79 0.14862823 
318 1266 155 187 0.14777906 
57 1232 50 69 0.14249863 
503 676 45 63 0.13878323 
40 1320 109 149 0.13034602 
444 737 15 18 0.1262385 
355 625 189 230 0.11472972 
735 1136 58 72 0.11461384 
421 1076 168 176 0.10680394 
62 1161 127 134 0.104760505 
341 1167 44 48 0.10270812 
573 1352 102 137 0.10108659 
628 620 361 440 0.090074524 
36 863 102 113 0.0862105 
428 1441 68 83 0.085855626 
63 1075 136 160 0.084941655 
372 1358 52 79 0.08017743 
204 1112 117 123 0.079019874 
44 1205 99 118 0.07820213 
411 1327 60 76 0.07111483 
247 1162 51 59 0.070719056 
659 1209 27 45 0.068524785 
92 664 142 170 0.06850612 
607 685 243 278 0.06716899 
55 1351 62 86 0.06559198 
157 887 73 77 0.06476096 
637 226 403 442 0.06272062 
283 1080 53 63 0.060022935 
95 759 38 45 0.055663966 
395 895 15 21 0.055303242 
130 656 16 18 0.054344147 
150 850 343 397 0.053653363 
78 204 388 422 0.049589127 
489 1362 49 77 0.048315566 
308 897 32 48 0.04785605 
387 977 24 34 0.04649992 
25 1298 28 38 0.0461875 
294 984 15 19 0.04553504 
642 19 398 442 0.045198806 
444 1156 60 78 0.04513212 
567 741 107 117 0.045071732 
613 778 55 62 0.04487863 
367 919 50 64 0.043934993 
356 918 25 35 0.04372822 
355 1037 352 406 0.043250717 
356 1304 69 84 0.04312203 
17 1305 50 65 0.043010574 
598 1346 59 72 0.042183295 
294 924 44 65 0.04155599 
54 1246 34 43 0.041402727 
253 117 401 423 0.040609803 
123 815 152 157 0.040252052 
-41 138 378 409 0.040049266 
605 749 141 154 0.039350405 
66 1051 219 253 0.03934834 
436 731 27 32 0.0393129 
363 817 17 24 0.03910517 
135 694 83 80 0.038999725 
396 1312 102 124 0.038685217 
377 193 399 434 0.038284417 
7 1309 88 136 0.037723124 
420 872 27 37 0.037654307 
411 996 49 58 0.037597694 
467 1232 51 65 0.037347473 
525 678 26 44 0.036914904 
199 283 382 423 0.036904626 
128 1274 50 70 0.0363873 
484 336 397 421 0.03605056 
462 1147 16 19 0.035331316 
611 1032 115 143 0.03516251 
86 812 56 57 0.035021294 
38 809 119 110 0.034825213 
90 1377 61 82 0.034257475 
82 1208 128 147 0.034121085 
557 1384 180 205 0.032835677 
315 888 31 39 0.032778457 
57 735 111 132 0.032615073 
375 950 50 68 0.032485154 
603 1402 61 83 0.032459337 
334 987 13 19 0.032367546 
679 902 84 106 0.032045804 
433 1336 60 78 0.031977657 
444 591 60 62 0.031401377 
-10 982 380 427 0.031006182 
354 812 28 41 0.031000465 
288 796 97 110 0.030214818 
406 986 11 17 0.030104708 
389 1000 14 19 0.030051513 
673 1498 16 22 0.02992932 
412 576 118 121 0.029648263 
393 896 25 39 0.029447148 
116 805 16 20 0.029213956 
543 787 136 166 0.029016344 
33 1234 170 217 0.028658962 
99 921 83 75 0.028484277 
665 1220 19 25 0.02842585 
86 1097 65 86 0.02770933 
55 1305 13 18 0.027656432 
583 1020 49 69 0.027608342 
459 1399 87 116 0.027468512 
294 834 58 66 0.027097726 
448 54 398 426 0.027026387 
452 1326 98 125 0.026985576 
550 1306 13 18 0.026969183 
-1 1513 13 18 0.026611783 
233 1158 29 40 0.02651697 
367 928 26 40 0.026456526 
363 920 100 124 0.026315868 
503 1428 52 64 0.026142992 
698 1024 15 19 0.026095713 
839 332 243 278 0.025937624 
571 1360 56 73 0.025915774 
64 1461 35 41 0.025739899 
392 944 35 44 0.025662372 
306 1101 18 23 0.02565741 
75 831 62 67 0.025599696 
457 853 33 49 0.025529725 
-83 -27 404 420 0.02545936 
583 756 12 15 0.025452027 
356 976 15 20 0.025403403 
402 915 17 22 0.02531176 
763 1447 60 65 0.025069257 
71 833 125 128 0.02504421 
64 1355 38 53 0.024926921 
345 1028 130 152 0.024756143 
394 997 14 18 0.024744092 
685 621 145 162 0.024701275 
832 145 232 270 0.024592942 
381 1009 14 18 0.024346929 
713 1272 58 64 0.024168769 
294 957 54 71 0.0241404 
230 663 26 42 0.024120951 
656 1244 33 49 0.023999637 
155 652 13 16 0.023965348 
701 715 14 17 0.023930479 
399 907 53 70 0.023759913 
379 1293 70 81 0.023738744 
622 986 187 242 0.02372851 
451 693 66 85 0.023641638 
384 994 24 36 0.023536019 
698 1287 58 65 0.023444932 
147 381 271 301 0.023438018 
509 1483 55 59 0.023342414 
938 1399 59 62 0.023290422 
322 900 19 23 0.023149518 
308 871 33 37 0.023091666 
764 1274 57 62 0.02308552 
591 762 56 64 0.023080993 
8 309 268 299 0.02301989 
347 724 125 135 0.022796199 
372 803 30 41 0.022683745 
654 822 32 41 0.022651473 
338 1109 17 23 0.022620948 
633 1353 34 54 0.022612661 
217 689 35 49 0.022494454 
279 606 394 408 0.022406058 
252 1104 55 76 0.022350455 
35 1342 56 83 0.022285812 
184 -53 406 435 0.022283038 
13 1243 92 118 0.022278842 
384 1382 97 129 0.022148333 
372 1234 440 492 0.022096673 
682 192 274 301 0.022050109 
238 915 123 162 0.022031253 
84 1075 16 20 0.022017507 
461 938 27 39 0.021962289 
468 672 99 133 0.021808987 
494 1375 90 120 0.021691276 
309 916 45 63 0.021572934 
210 1025 29 36 0.021564038 
276 1139 15 17 0.021548908 
434 704 35 47 0.021355769 
312 1156 130 150 0.021291299 
63 1258 32 46 0.021123728 
477 685 59 80 0.020923615 
421 667 65 83 0.020890186 
307 888 208 262 0.020882409 
72 1173 12 17 0.020865835 
990 1381 31 35 0.020860953 
610 304 265 293 0.020788647 
70 1313 13 18 0.02074919 
28 876 59 81 0.02071708 
456 706 33 43 0.02070356 
694 912 30 45 0.020587085 
509 617 14 18 0.02056795 
201 676 55 83 0.020469101 
355 950 48 62 0.020449825 
416 1022 35 41 0.020360645 
410 1121 106 129 0.020343078 
271 1146 13 16 0.020306714 
247 1163 14 18 0.020246021 
94 1184 41 43 0.020215472 
523 1353 99 123 0.020185286 
792 1288 59 63 0.020136043 
335 919 44 53 0.020124508 
386 1328 32 43 0.020084433 
446 1158 133 165 0.020017723 
25 24 60 64 0.020008055 
545 800 16 21 0.02000089 
