24_Soldier_Firing_Soldier_Firing_24_115
240
268 91 99 130 0.94668466 
82 224 16 20 0.49004966 
421 637 63 83 0.4150036 
247 365 144 155 0.3747573 
104 216 18 22 0.36505878 
386 600 118 135 0.15195654 
92 666 42 58 0.14908162 
76 143 356 417 0.13946326 
41 225 19 23 0.13128528 
652 500 25 36 0.13103233 
234 338 215 275 0.13049237 
81 543 30 37 0.117067285 
348 768 25 36 0.103949234 
25 273 24 32 0.103169166 
0 505 14 20 0.10021324 
706 745 17 18 0.093642995 
53 0 16 18 0.08370613 
703 539 29 36 0.08342369 
611 286 18 23 0.08311704 
49 193 16 21 0.082966104 
65 755 33 56 0.08253833 
676 22 57 84 0.08178014 
39 405 99 133 0.08140844 
86 220 22 28 0.081334725 
850 175 26 32 0.07513758 
545 565 53 67 0.07415276 
93 251 16 20 0.07397471 
657 466 24 32 0.07206707 
475 277 53 65 0.06614199 
115 169 16 20 0.062119026 
95 -3 20 21 0.06032248 
204 695 140 141 0.060146827 
434 40 134 150 0.05851062 
639 548 48 64 0.058349006 
42 -1 18 19 0.05463107 
224 71 102 129 0.053789742 
117 78 15 20 0.053614955 
0 656 25 39 0.053432345 
292 405 76 82 0.05296059 
374 286 140 144 0.052305408 
415 719 26 36 0.05073545 
142 31 49 58 0.049820986 
450 431 374 436 0.049674254 
143 519 26 35 0.04963745 
676 537 50 60 0.047420207 
390 646 39 45 0.043965165 
57 32 17 22 0.043821856 
679 16 95 123 0.04362055 
373 683 30 40 0.043272987 
98 222 25 31 0.04318814 
-20 385 179 226 0.0427612 
42 443 55 71 0.04248386 
533 554 86 109 0.040337887 
51 12 29 44 0.03997439 
113 197 27 34 0.039922897 
699 598 52 61 0.03954375 
599 393 15 21 0.03926697 
383 -161 403 452 0.039233528 
1 475 15 20 0.038902257 
78 253 27 34 0.038577158 
25 541 29 40 0.03849781 
231 80 33 43 0.038480356 
131 655 30 36 0.037820037 
343 534 206 233 0.037789986 
254 238 368 426 0.03758304 
895 165 138 192 0.03726925 
621 47 26 36 0.036792073 
610 402 52 63 0.036162622 
0 537 18 37 0.03472152 
196 58 171 215 0.0345523 
916 515 34 40 0.034198064 
807 556 29 37 0.034093123 
580 0 25 32 0.034062315 
537 643 17 19 0.034017693 
701 540 18 23 0.0339591 
681 393 17 22 0.0339028 
75 374 123 128 0.03355575 
631 536 21 34 0.03355519 
-128 278 401 458 0.033138767 
434 -18 128 139 0.033128243 
824 594 179 215 0.03278962 
111 174 27 35 0.03275684 
204 77 51 64 0.03269418 
984 629 28 30 0.032430768 
643 372 27 37 0.03234985 
159 11 34 53 0.03227354 
514 801 29 32 0.03224648 
878 6 15 19 0.031957924 
568 274 125 133 0.03172302 
528 421 52 64 0.03149066 
523 413 32 39 0.031247845 
810 -66 218 262 0.030942556 
545 410 49 59 0.030799778 
37 272 26 35 0.03028384 
420 193 141 150 0.030190809 
758 267 154 180 0.029697236 
359 633 98 125 0.02966298 
663 544 28 40 0.0295788 
803 650 53 60 0.029290618 
662 519 93 126 0.028884562 
608 309 417 478 0.028875373 
178 149 31 37 0.028714804 
260 0 32 35 0.02868293 
225 82 63 75 0.028623436 
406 257 29 38 0.028568117 
294 562 144 151 0.028533945 
930 377 15 18 0.028473338 
605 534 13 20 0.028441453 
-21 -51 220 248 0.028332893 
36 -1 15 16 0.028322984 
109 29 30 45 0.02793928 
815 804 25 28 0.027901469 
58 142 48 60 0.027823335 
47 -2 28 32 0.027326617 
720 353 249 292 0.027283298 
383 663 39 44 0.027077202 
711 545 18 23 0.027066575 
471 -1 35 36 0.027064342 
835 633 116 129 0.026917541 
869 323 17 18 0.02686498 
651 480 31 40 0.02682453 
678 496 15 20 0.026818203 
306 119 61 83 0.02667248 
765 622 56 69 0.026443798 
716 20 111 134 0.026346963 
526 454 49 57 0.026304867 
401 711 31 42 0.026227672 
0 41 13 19 0.026203392 
584 555 29 44 0.026003791 
187 82 28 39 0.025944026 
667 554 16 22 0.025912048 
618 428 32 40 0.025910057 
8 722 38 49 0.02567113 
38 762 54 58 0.02565624 
171 537 137 140 0.025644427 
629 265 25 36 0.025384307 
84 100 14 17 0.025291855 
146 683 34 42 0.025285037 
444 88 15 20 0.025228258 
637 523 14 20 0.02515623 
815 353 32 42 0.02510117 
540 187 118 131 0.025035936 
475 -73 253 272 0.025034098 
930 802 14 17 0.024992479 
376 691 19 22 0.024973044 
123 361 135 147 0.024882013 
129 636 31 39 0.02474752 
118 193 15 19 0.024722267 
73 208 24 34 0.024652401 
952 378 17 18 0.024650192 
771 524 30 44 0.024415884 
326 763 52 58 0.024321228 
36 128 98 123 0.024312912 
1010 554 15 20 0.024210786 
110 159 25 35 0.024056861 
704 595 32 37 0.024045913 
632 683 27 36 0.023964234 
128 761 56 64 0.023936177 
147 648 15 19 0.023919348 
224 47 431 436 0.023864089 
514 370 55 60 0.023833878 
543 -1 123 123 0.023815775 
827 604 35 45 0.023685643 
119 705 27 39 0.02366992 
149 214 160 185 0.02365423 
688 520 53 59 0.023635503 
673 614 19 21 0.023634454 
152 611 122 165 0.023596756 
707 535 46 59 0.023445304 
511 441 49 59 0.02340976 
277 443 33 42 0.023332259 
647 81 30 36 0.023321774 
70 429 66 79 0.023259798 
534 150 61 66 0.023192994 
304 441 158 162 0.023192268 
0 594 12 20 0.02311218 
258 466 125 178 0.023106394 
116 0 20 21 0.023083681 
452 96 14 17 0.023056531 
465 269 123 129 0.022905074 
139 547 29 34 0.022735167 
156 608 16 20 0.022649912 
586 614 36 43 0.02259674 
766 83 34 44 0.022463268 
603 392 33 39 0.022441233 
747 -58 376 450 0.02241895 
98 200 26 35 0.022416988 
825 446 32 40 0.022323204 
28 215 23 33 0.02223385 
52 270 26 37 0.02222763 
673 484 25 33 0.022216208 
709 576 55 66 0.02212812 
20 255 261 312 0.022124106 
1010 634 12 18 0.022047311 
429 154 15 17 0.022041462 
659 515 30 38 0.021935115 
375 657 57 79 0.021877607 
202 86 27 41 0.021859119 
692 494 17 22 0.021851638 
552 437 52 58 0.021848796 
493 422 32 40 0.021723798 
479 357 101 111 0.021666488 
32 49 32 49 0.021603528 
661 5 53 79 0.021574097 
477 569 117 138 0.021547014 
874 698 57 67 0.021326121 
440 151 29 35 0.02132555 
366 174 16 21 0.021254443 
940 234 15 16 0.021248646 
37 19 47 67 0.02123961 
61 160 29 35 0.021234097 
148 597 27 38 0.021109588 
256 432 353 411 0.021081012 
631 590 61 70 0.021060014 
617 548 45 65 0.020833204 
595 419 51 60 0.02082526 
121 798 29 33 0.020819109 
732 71 142 152 0.020776913 
692 463 108 130 0.02074322 
593 -11 102 113 0.02073267 
2 436 27 39 0.02072976 
838 766 30 37 0.020723812 
379 136 14 18 0.020698305 
684 557 55 68 0.020691287 
665 421 28 36 0.020682426 
895 338 128 144 0.020595348 
548 259 31 40 0.020548949 
107 8 33 40 0.020546833 
2 163 28 41 0.020487491 
481 89 55 73 0.020465067 
19 218 16 20 0.020391893 
308 606 65 68 0.02036401 
0 -4 376 412 0.020341426 
507 90 16 18 0.02032708 
53 192 24 31 0.020264516 
123 190 28 34 0.020252826 
300 -2 15 16 0.020218262 
62 252 29 38 0.020081226 
0 537 13 18 0.0200307 
19 452 14 17 0.020023279 
