24_Soldier_Firing_Soldier_Firing_24_1037
65
748 74 180 227 0.37839016 
703 104 144 181 0.36748335 
740 62 120 136 0.36319074 
819 83 139 166 0.16969725 
874 408 129 148 0.16871847 
780 395 30 43 0.11681891 
794 543 137 175 0.080618694 
897 476 116 139 0.07968755 
841 388 206 246 0.075308815 
767 389 27 45 0.069968656 
662 366 102 110 0.06945129 
781 17 137 158 0.068409055 
52 293 260 329 0.06663358 
200 239 376 424 0.06416768 
75 269 27 35 0.058025043 
860 509 121 167 0.050372336 
206 -24 389 434 0.04859452 
883 33 15 18 0.04800547 
861 55 123 150 0.042249065 
803 486 214 261 0.04119289 
676 382 61 68 0.03967543 
399 294 131 147 0.039652504 
834 -5 116 124 0.038407046 
834 341 162 175 0.03777935 
381 -23 386 431 0.0372125 
0 211 237 269 0.033656828 
-94 115 444 479 0.033268575 
891 35 13 17 0.033231556 
83 274 16 20 0.032247655 
671 626 49 77 0.03219764 
902 484 71 76 0.030526211 
887 424 66 77 0.029716175 
382 301 268 323 0.029073315 
93 275 12 17 0.028885407 
612 316 118 128 0.028466417 
653 1 314 390 0.02746627 
698 360 346 410 0.02722058 
763 396 18 23 0.026521113 
813 390 25 40 0.026039477 
53 280 14 17 0.025669508 
934 518 100 131 0.025438124 
959 525 62 83 0.025152488 
55 260 10 14 0.025116881 
-69 -18 246 283 0.02482571 
482 340 29 33 0.023257945 
500 386 147 172 0.023156034 
698 603 15 18 0.023030235 
58 269 28 36 0.022763047 
762 370 34 49 0.022501176 
692 487 124 134 0.022359189 
906 448 17 20 0.022269659 
158 264 54 62 0.02221781 
333 307 154 155 0.022097694 
858 3 60 64 0.021954497 
920 88 109 127 0.021570243 
882 480 60 72 0.021390064 
176 292 138 143 0.021148585 
184 42 263 289 0.0211229 
614 523 18 22 0.020944584 
674 468 17 22 0.020941036 
61 279 16 20 0.020693662 
479 332 10 13 0.020282373 
104 301 160 162 0.020109314 
908 83 65 87 0.020072713 
-7 289 130 142 0.02002171 
